-1.673092842102050781e-01
-1.746574491262435913e-01
-1.576344221830368042e-01
-1.173936575651168823e-01
-6.144107878208160400e-02
-1.440965011715888977e-02
3.100524842739105225e-02
3.242387995123863220e-02
2.984953485429286957e-02
3.219771385192871094e-02
1.936895586550235748e-02
2.961488626897335052e-02
6.530120968818664551e-02
9.246556460857391357e-02
1.264997422695159912e-01
1.612175107002258301e-01
1.772171258926391602e-01
2.337758392095565796e-01
2.919296026229858398e-01
3.537534773349761963e-01
4.404624998569488525e-01
5.248782038688659668e-01
5.985809564590454102e-01
6.763936877250671387e-01
7.569509744644165039e-01
8.254688382148742676e-01
8.755235671997070312e-01
9.189057946205139160e-01
9.511074423789978027e-01
9.462884068489074707e-01
9.538859128952026367e-01
9.434595704078674316e-01
9.390640258789062500e-01
9.445146918296813965e-01
9.194694757461547852e-01
8.910787701606750488e-01
8.771694898605346680e-01
8.578791618347167969e-01
8.296382427215576172e-01
7.997344136238098145e-01
7.670414447784423828e-01
7.571081519126892090e-01
7.453994750976562500e-01
7.275594472885131836e-01
7.127426862716674805e-01
6.994446516036987305e-01
7.047126293182373047e-01
7.009152770042419434e-01
6.985184550285339355e-01
6.937169432640075684e-01
6.942377090454101562e-01
6.951729059219360352e-01
7.058145999908447266e-01
7.132764458656311035e-01
7.097261548042297363e-01
7.308298349380493164e-01
7.310639023780822754e-01
7.383295297622680664e-01
7.386094331741333008e-01
7.406652569770812988e-01
7.473032474517822266e-01
7.474780082702636719e-01
7.624620795249938965e-01
7.591990828514099121e-01
7.608811855316162109e-01
7.469798326492309570e-01
7.437931299209594727e-01
7.322524189949035645e-01
7.273598313331604004e-01
7.281090617179870605e-01
7.101587057113647461e-01
6.947596073150634766e-01
6.847223043441772461e-01
6.677733659744262695e-01
6.350000500679016113e-01
6.063836812973022461e-01
5.841729640960693359e-01
5.363708734512329102e-01
4.944389462471008301e-01
4.315345585346221924e-01
3.600929379463195801e-01
2.608666718006134033e-01
1.752330660820007324e-01
1.139553859829902649e-01
6.204779818654060364e-02
1.895859255455434322e-03
-3.636990115046501160e-02
-7.964978367090225220e-02
-1.113250330090522766e-01
-1.474902629852294922e-01
-1.725297868251800537e-01
-1.889528930187225342e-01
-1.942666918039321899e-01
-2.008097022771835327e-01
-2.035955190658569336e-01
-2.133676260709762573e-01
-2.172786146402359009e-01
-2.280831784009933472e-01
-2.431843578815460205e-01
-2.550507783889770508e-01
-2.523169815540313721e-01
-2.567803859710693359e-01
-2.630146741867065430e-01
-2.642993032932281494e-01
-2.530288398265838623e-01
-2.441738396883010864e-01
-2.308141440153121948e-01
-2.248563468456268311e-01
-2.173300683498382568e-01
-2.177354693412780762e-01
-2.108356803655624390e-01
-2.064763158559799194e-01
-1.970151811838150024e-01
-2.073289602994918823e-01
-2.115746885538101196e-01
-2.161415666341781616e-01
-2.240998148918151855e-01
-2.219263464212417603e-01
-2.231849730014801025e-01
-2.341054379940032959e-01
-2.427631169557571411e-01
-2.499099969863891602e-01
-2.501644194126129150e-01
-2.588068246841430664e-01
-2.536835968494415283e-01
-2.659876346588134766e-01
-2.659915983676910400e-01
-2.820483148097991943e-01
-2.616209089756011963e-01
-2.783176898956298828e-01
-2.743569612503051758e-01
-2.849506139755249023e-01
-2.989803254604339600e-01
-2.970103919506072998e-01
-2.953678667545318604e-01
-3.114833831787109375e-01
-3.145208060741424561e-01
-3.176843225955963135e-01
-3.216117024421691895e-01
-3.282836377620697021e-01
-3.321533501148223877e-01
-3.281383216381072998e-01
-3.378352522850036621e-01
-3.323789536952972412e-01
-3.354237377643585205e-01
-3.376803100109100342e-01
-3.369543254375457764e-01
-3.348357081413269043e-01
-3.308749496936798096e-01
-3.329992294311523438e-01
-3.285431563854217529e-01
-3.293839395046234131e-01
-3.315014243125915527e-01
-3.332813680171966553e-01
-3.316846191883087158e-01
-3.312481343746185303e-01
-3.429268300533294678e-01
-3.349154293537139893e-01
-3.353892564773559570e-01
-3.363414108753204346e-01
-3.315297067165374756e-01
-3.256357908248901367e-01
-3.345903158187866211e-01
-3.274015784263610840e-01
-3.337546288967132568e-01
-3.379426598548889160e-01
-3.336675465106964111e-01
-3.420221507549285889e-01
-3.398130834102630615e-01
-3.500906527042388916e-01
-3.531416654586791992e-01
-3.610495924949645996e-01
-3.532242178916931152e-01
-3.567247092723846436e-01
-3.548865318298339844e-01
-3.553439676761627197e-01
-3.695969879627227783e-01
-3.616675734519958496e-01
-3.683830499649047852e-01
-3.614900410175323486e-01
-3.655633032321929932e-01
-3.687290847301483154e-01
-3.713927567005157471e-01
-3.596586585044860840e-01
-3.602438569068908691e-01
-3.662802577018737793e-01
-3.577192723751068115e-01
-3.598446846008300781e-01
-3.561915159225463867e-01
-3.668722510337829590e-01
-3.708092570304870605e-01
-3.651256859302520752e-01
-3.720085024833679199e-01
-3.743725121021270752e-01
-3.770531713962554932e-01
-3.834220170974731445e-01
-3.896676301956176758e-01
-4.069269895553588867e-01
-4.199847579002380371e-01
-4.259544312953948975e-01
-4.385338425636291504e-01
-4.534325897693634033e-01
-4.647335708141326904e-01
-4.712059199810028076e-01
-4.852316677570343018e-01
-4.858898222446441650e-01
-5.011238455772399902e-01
-4.913404285907745361e-01
-5.083690881729125977e-01
-5.128375887870788574e-01
-5.118452906608581543e-01
-5.087394714355468750e-01
-5.021246671676635742e-01
-4.846379756927490234e-01
-4.864133894443511963e-01
-4.637390077114105225e-01
-4.488566517829895020e-01
-4.375918507575988770e-01
-4.176687896251678467e-01
-4.189415574073791504e-01
-4.154580235481262207e-01
-4.021995365619659424e-01
-3.967862427234649658e-01
-4.066889584064483643e-01
-3.975619971752166748e-01
-3.891304731369018555e-01
-4.089387655258178711e-01
-4.166691303253173828e-01
-4.412715733051300049e-01
-4.622005224227905273e-01
-4.699116647243499756e-01
-4.629146456718444824e-01
-4.378100931644439697e-01
-3.852008283138275146e-01
-3.398622572422027588e-01
-3.078064918518066406e-01
-2.883781790733337402e-01
-2.884923815727233887e-01
-2.870398163795471191e-01
-2.717531919479370117e-01
-2.747679948806762695e-01
-2.511200010776519775e-01
-2.078231424093246460e-01
-1.630335897207260132e-01
-1.075604856014251709e-01
-8.315989375114440918e-02
-4.054664075374603271e-02
-5.696566775441169739e-03
6.766182929277420044e-02
1.536663472652435303e-01
2.203562110662460327e-01
3.152858614921569824e-01
3.914899826049804688e-01
4.683788716793060303e-01
5.541447997093200684e-01
6.074919104576110840e-01
6.497285962104797363e-01
6.740013957023620605e-01
6.997120976448059082e-01
7.066344618797302246e-01
7.018996477127075195e-01
6.849195957183837891e-01
6.617307066917419434e-01
6.487187743186950684e-01
6.403613090515136719e-01
6.119202375411987305e-01
5.901466012001037598e-01
5.685233473777770996e-01
5.418865084648132324e-01
5.234494209289550781e-01
4.952520132064819336e-01
4.753900468349456787e-01
4.752390682697296143e-01
4.627286493778228760e-01
4.484428167343139648e-01
4.420586824417114258e-01
4.363835752010345459e-01
4.399276077747344971e-01
4.419348537921905518e-01
4.502973854541778564e-01
4.416832327842712402e-01
4.407582283020019531e-01
4.487888514995574951e-01
4.645046293735504150e-01
4.701627492904663086e-01
4.732578396797180176e-01
4.883652329444885254e-01
5.024333596229553223e-01
4.931475520133972168e-01
5.101083517074584961e-01
5.151597857475280762e-01
5.150405168533325195e-01
5.193122029304504395e-01
5.135720968246459961e-01
5.000461935997009277e-01
4.926143586635589600e-01
4.857083261013031006e-01
4.774950742721557617e-01
4.740641415119171143e-01
4.658814072608947754e-01
4.652498364448547363e-01
4.435700476169586182e-01
4.276710748672485352e-01
4.076519012451171875e-01
3.870593905448913574e-01
3.496117889881134033e-01
3.232079148292541504e-01
2.833307087421417236e-01
2.241462022066116333e-01
1.570786535739898682e-01
7.295414060354232788e-02
-4.701997619122266769e-03
-8.913522958755493164e-02
-1.522567421197891235e-01
-1.869648844003677368e-01
-2.205659598112106323e-01
-2.500123381614685059e-01
-2.787875533103942871e-01
-3.012730777263641357e-01
-3.314007818698883057e-01
-3.362215459346771240e-01
-3.548051118850708008e-01
-3.679386377334594727e-01
-3.503094911575317383e-01
-3.611909449100494385e-01
-3.624913990497589111e-01
-3.638105094432830811e-01
-3.651149272918701172e-01
-3.773579299449920654e-01
-3.771543800830841064e-01
-3.853195607662200928e-01
-3.794064223766326904e-01
-3.639971017837524414e-01
-3.557080924510955811e-01
-3.433542847633361816e-01
-3.270928859710693359e-01
-3.032333850860595703e-01
-2.867384552955627441e-01
-2.774854004383087158e-01
-2.729326486587524414e-01
-2.693139910697937012e-01
-2.615084052085876465e-01
-2.609689831733703613e-01
-2.627907693386077881e-01
-2.751247882843017578e-01
-2.818255424499511719e-01
-2.816615700721740723e-01
-2.866480052471160889e-01
-2.936196029186248779e-01
-2.890357673168182373e-01
-2.983555197715759277e-01
-3.090226948261260986e-01
-3.034810423851013184e-01
-3.109400272369384766e-01
-3.005787432193756104e-01
-3.004046082496643066e-01
-3.125260174274444580e-01
-3.037925958633422852e-01
-3.097684681415557861e-01
-3.034295737743377686e-01
-3.251970410346984863e-01
-3.201212882995605469e-01
-3.351449966430664062e-01
-3.320385813713073730e-01
-3.411870300769805908e-01
-3.343579173088073730e-01
-3.492368757724761963e-01
-3.503089249134063721e-01
-3.519401550292968750e-01
-3.579584360122680664e-01
-3.670673370361328125e-01
-3.641752004623413086e-01
-3.683497011661529541e-01
-3.665397763252258301e-01
-3.644205927848815918e-01
-3.659172654151916504e-01
-3.717337250709533691e-01
-3.665527999401092529e-01
-3.707968294620513916e-01
-3.758188486099243164e-01
-3.743583858013153076e-01
-3.762530982494354248e-01
-3.805157840251922607e-01
-3.861993551254272461e-01
-3.809630274772644043e-01
-3.816709220409393311e-01
-3.909794092178344727e-01
-3.831421434879302979e-01
-3.877621591091156006e-01
-3.910619318485260010e-01
-3.866777122020721436e-01
-3.968478739261627197e-01
-3.983518779277801514e-01
-3.995222747325897217e-01
-4.026269912719726562e-01
-4.019756317138671875e-01
-4.050973057746887207e-01
-4.077027440071105957e-01
-4.185384213924407959e-01
-4.111320078372955322e-01
-4.136786460876464844e-01
-4.210222959518432617e-01
-4.226139485836029053e-01
-4.198343455791473389e-01
-4.314779937267303467e-01
-4.248716533184051514e-01
-4.337639808654785156e-01
-4.354194998741149902e-01
-4.304381906986236572e-01
-4.241863787174224854e-01
-4.313994050025939941e-01
-4.283031821250915527e-01
-4.261082112789154053e-01
-4.387781023979187012e-01
-4.400304853916168213e-01
-4.440608024597167969e-01
-4.348755776882171631e-01
-4.325245618820190430e-01
-4.393520057201385498e-01
-4.497669935226440430e-01
-4.436649978160858154e-01
-4.346991777420043945e-01
-4.411816895008087158e-01
-4.444164335727691650e-01
-4.379458129405975342e-01
-4.415361881256103516e-01
-4.567849338054656982e-01
-4.555059671401977539e-01
-4.708135128021240234e-01
-4.730056524276733398e-01
-4.871241152286529541e-01
-5.084499716758728027e-01
-5.206477046012878418e-01
-5.276831984519958496e-01
-5.366682410240173340e-01
-5.530444383621215820e-01
-5.658449530601501465e-01
-5.743544697761535645e-01
-5.819983482360839844e-01
-5.874037146568298340e-01
-5.814374685287475586e-01
-5.826497077941894531e-01
-5.835396647453308105e-01
-5.711858868598937988e-01
-5.728583931922912598e-01
-5.569588541984558105e-01
-5.486975312232971191e-01
-5.401812195777893066e-01
-5.328856110572814941e-01
-5.248566865921020508e-01
-5.079964995384216309e-01
-5.069109201431274414e-01
-5.100257992744445801e-01
-5.084697604179382324e-01
-5.080010294914245605e-01
-5.139740705490112305e-01
-5.133578181266784668e-01
-5.255843997001647949e-01
-5.556775927543640137e-01
-5.650307536125183105e-01
-5.921809673309326172e-01
-5.920209288597106934e-01
-5.661870241165161133e-01
-5.289763212203979492e-01
-4.722485542297363281e-01
-4.420320689678192139e-01
-4.179413318634033203e-01
-4.028333723545074463e-01
-4.069535732269287109e-01
-3.973940610885620117e-01
-3.849413096904754639e-01
-3.669106960296630859e-01
-3.306482136249542236e-01
-2.864772379398345947e-01
-2.535032331943511963e-01
-2.220829725265502930e-01
-1.792927384376525879e-01
-1.334266364574432373e-01
-6.964980810880661011e-02
9.533083066344261169e-04
8.492571860551834106e-02
1.531857550144195557e-01
2.399807274341583252e-01
3.154877126216888428e-01
3.937154710292816162e-01
4.588820934295654297e-01
5.118826627731323242e-01
5.320267677307128906e-01
5.564686655998229980e-01
5.686811208724975586e-01
5.561859607696533203e-01
5.518503189086914062e-01
5.498673915863037109e-01
5.248731374740600586e-01
5.132786631584167480e-01
4.749241173267364502e-01
4.545006752014160156e-01
4.373510181903839111e-01
4.088946878910064697e-01
3.799690604209899902e-01
3.618655204772949219e-01
3.453683257102966309e-01
3.274440169334411621e-01
3.177210986614227295e-01
3.051971197128295898e-01
2.879756093025207520e-01
2.968713343143463135e-01
2.977720499038696289e-01
2.970302104949951172e-01
2.959621548652648926e-01
3.022518455982208252e-01
3.083402514457702637e-01
3.080875277519226074e-01
3.255085945129394531e-01
3.303695023059844971e-01
3.413352072238922119e-01
3.480789363384246826e-01
3.673189580440521240e-01
3.854812979698181152e-01
3.864329159259796143e-01
3.955689072608947754e-01
4.013446569442749023e-01
4.074862301349639893e-01
4.157797694206237793e-01
4.174884557723999023e-01
4.020327627658843994e-01
4.115674197673797607e-01
4.003862738609313965e-01
4.091010689735412598e-01
4.030861556529998779e-01
3.874823153018951416e-01
3.790587186813354492e-01
3.574501574039459229e-01
3.424134552478790283e-01
3.217056095600128174e-01
2.891516983509063721e-01
2.539900839328765869e-01
2.105383127927780151e-01
1.590926647186279297e-01
9.183342754840850830e-02
-6.755028385668992996e-03
-8.875809609889984131e-02
-1.631540358066558838e-01
-2.189963608980178833e-01
-2.458056211471557617e-01
-2.815411388874053955e-01
-3.138841688632965088e-01
-3.470447659492492676e-01
-3.775682449340820312e-01
-4.080974161624908447e-01
-4.153890311717987061e-01
-4.164373278617858887e-01
-4.225845336914062500e-01
-4.335378110408782959e-01
-4.328197240829467773e-01
-4.289132654666900635e-01
-4.384857714176177979e-01
-4.474719464778900146e-01
-4.435660541057586670e-01
-4.542795717716217041e-01
-4.596012830734252930e-01
-4.624012410640716553e-01
-4.505314230918884277e-01
-4.382539391517639160e-01
-4.299502372741699219e-01
-4.071554243564605713e-01
-3.907238245010375977e-01
-3.776519298553466797e-01
-3.857492804527282715e-01
-3.644579350948333740e-01
-3.637488782405853271e-01
-3.572946488857269287e-01
-3.610399663448333740e-01
-3.583898544311523438e-01
-3.700018525123596191e-01
-3.668807446956634521e-01
-3.827118575572967529e-01
-3.943345844745635986e-01
-4.031466245651245117e-01
-4.038590490818023682e-01
-4.061393737792968750e-01
-4.204715788364410400e-01
-4.155100286006927490e-01
-4.268602132797241211e-01
-4.272820353507995605e-01
-4.298190474510192871e-01
-4.343819618225097656e-01
-4.276529252529144287e-01
-4.282878935337066650e-01
-4.330176115036010742e-01
-4.375975131988525391e-01
-4.324895143508911133e-01
-4.422017037868499756e-01
-4.457253813743591309e-01
-4.462557435035705566e-01
-4.571942985057830811e-01
-4.638945162296295166e-01
-4.602051675319671631e-01
-4.634738266468048096e-01
-4.680802822113037109e-01
-4.645543396472930908e-01
-4.801909625530242920e-01
-4.678224623203277588e-01
-4.709005951881408691e-01
-4.685150980949401855e-01
-4.677568674087524414e-01
-4.685411155223846436e-01
-4.626839458942413330e-01
-4.626907408237457275e-01
-4.645226895809173584e-01
-4.547567963600158691e-01
-4.584862887859344482e-01
-4.658655524253845215e-01
-4.570003747940063477e-01
-4.687717854976654053e-01
-4.551356136798858643e-01
-4.508203566074371338e-01
-4.611584544181823730e-01
-4.496487975120544434e-01
-4.621450901031494141e-01
-4.632239043712615967e-01
-4.592603445053100586e-01
-4.677851498126983643e-01
-4.754838645458221436e-01
-4.701237082481384277e-01
-4.720998406410217285e-01
-4.721026718616485596e-01
-4.787712097167968750e-01
-4.739131331443786621e-01
-4.771004021167755127e-01
-4.890256226062774658e-01
-4.804363548755645752e-01
-4.870500564575195312e-01
-4.746979475021362305e-01
-4.856636524200439453e-01
-4.817413389682769775e-01
-4.701237082481384277e-01
-4.775934517383575439e-01
-4.823378622531890869e-01
-4.891522824764251709e-01
-4.850676953792572021e-01
-4.881542921066284180e-01
-4.941652715206146240e-01
-4.940928816795349121e-01
-4.999828338623046875e-01
-4.984217286109924316e-01
-4.957540929317474365e-01
-5.005347132682800293e-01
-5.023965835571289062e-01
-5.093483924865722656e-01
-5.095796585083007812e-01
-5.074751973152160645e-01
-5.110949873924255371e-01
-5.194789767265319824e-01
-5.333939194679260254e-01
-5.437037348747253418e-01
-5.530087947845458984e-01
-5.636307597160339355e-01
-5.776185989379882812e-01
-5.940208435058593750e-01
-5.938494801521301270e-01
-6.105802059173583984e-01
-6.235491633415222168e-01
-6.410205960273742676e-01
-6.526500582695007324e-01
-6.554596424102783203e-01
-6.583794355392456055e-01
-6.627930998802185059e-01
-6.790064573287963867e-01
-6.729542016983032227e-01
-6.624714136123657227e-01
-6.609017848968505859e-01
-6.611313223838806152e-01
-6.495329141616821289e-01
-6.436169743537902832e-01
-6.278486251831054688e-01
-6.172786951065063477e-01
-6.001748442649841309e-01
-5.971266627311706543e-01
-5.976818799972534180e-01
-5.958572626113891602e-01
-5.886329412460327148e-01
-5.856362581253051758e-01
-5.794816613197326660e-01
-5.873370170593261719e-01
-5.929306745529174805e-01
-6.016104221343994141e-01
-6.215668320655822754e-01
-6.459781527519226074e-01
-6.708559393882751465e-01
-6.766684651374816895e-01
-6.724538207054138184e-01
-6.371412277221679688e-01
-5.914430618286132812e-01
-5.465964078903198242e-01
-5.280982255935668945e-01
-5.104470252990722656e-01
-5.138491392135620117e-01
-5.040996670722961426e-01
-5.020884275436401367e-01
-4.852073490619659424e-01
-4.610385894775390625e-01
-4.346562027931213379e-01
-3.938997685909271240e-01
-3.484289050102233887e-01
-3.093704283237457275e-01
-2.637446224689483643e-01
-1.993859857320785522e-01
-1.250578910112380981e-01
-4.006999358534812927e-02
3.475340083241462708e-02
1.158325746655464172e-01
2.050430178642272949e-01
2.797572910785675049e-01
3.506233096122741699e-01
4.035113453865051270e-01
4.466679692268371582e-01
4.694067835807800293e-01
4.852820038795471191e-01
4.758022129535675049e-01
4.779230952262878418e-01
4.629531204700469971e-01
4.408848583698272705e-01
4.242672622203826904e-01
4.047806859016418457e-01
3.867744207382202148e-01
3.620436191558837891e-01
3.357053399085998535e-01
3.122806549072265625e-01
2.870585024356842041e-01
2.688792049884796143e-01
2.486112564802169800e-01
2.454895824193954468e-01
2.280317544937133789e-01
2.151628583669662476e-01
2.167697697877883911e-01
2.298693656921386719e-01
2.075936049222946167e-01
2.112529873847961426e-01
2.086594253778457642e-01
2.132115960121154785e-01
2.213089466094970703e-01
2.297297120094299316e-01
2.340500652790069580e-01
2.446832954883575439e-01
2.457287609577178955e-01
2.525652348995208740e-01
2.515124082565307617e-01
2.640183269977569580e-01
2.754063904285430908e-01
2.900541126728057861e-01
3.005618155002593994e-01
2.845791578292846680e-01
2.928551733493804932e-01
3.002468645572662354e-01
3.100042939186096191e-01
3.084183037281036377e-01
2.984816431999206543e-01
2.928738296031951904e-01
2.769262492656707764e-01
2.797250449657440186e-01
2.663178741931915283e-01
2.471564412117004395e-01
2.287300527095794678e-01
2.133959233760833740e-01
1.739993244409561157e-01
1.346762478351593018e-01
9.930542111396789551e-02
4.224518314003944397e-02
-4.563087224960327148e-02
-1.307160258293151855e-01
-2.035955190658569336e-01
-2.703136503696441650e-01
-3.211288452148437500e-01
-3.574054837226867676e-01
-3.839467465877532959e-01
-4.141609370708465576e-01
-4.445753097534179688e-01
-4.719624519348144531e-01
-4.872931838035583496e-01
-4.988440871238708496e-01
-4.942879676818847656e-01
-5.034974813461303711e-01
-4.932503998279571533e-01
-4.865462481975555420e-01
-4.967729747295379639e-01
-4.893716573715209961e-01
-4.902678430080413818e-01
-5.001756548881530762e-01
-4.981927275657653809e-01
-4.873644113540649414e-01
-4.814139604568481445e-01
-4.735750257968902588e-01
-4.541450142860412598e-01
-4.437260627746582031e-01
-4.274595677852630615e-01
-4.120892584323883057e-01
-4.069394469261169434e-01
-3.877412378787994385e-01
-3.872442543506622314e-01
-3.859805464744567871e-01
-3.867930471897125244e-01
-3.788472414016723633e-01
-3.770893514156341553e-01
-3.837997317314147949e-01
-3.875942528247833252e-01
-3.881087601184844971e-01
-3.961184620857238770e-01
-3.902737498283386230e-01
-4.072277843952178955e-01
-4.079475700855255127e-01
-4.142780005931854248e-01
-4.125359356403350830e-01
-4.185938239097595215e-01
-4.180939793586730957e-01
-4.229023158550262451e-01
-4.346855878829956055e-01
-4.272701442241668701e-01
-4.281250536441802979e-01
-4.330424964427947998e-01
-4.445543885231018066e-01
-4.541732668876647949e-01
-4.520761370658874512e-01
-4.541953206062316895e-01
-4.590805470943450928e-01
-4.615050554275512695e-01
-4.736196994781494141e-01
-4.747940599918365479e-01
-4.785167574882507324e-01
-4.678411185741424561e-01
-4.642235636711120605e-01
-4.746385812759399414e-01
-4.705845117568969727e-01
-4.769794046878814697e-01
-4.725843966007232666e-01
-4.729445874691009521e-01
-4.765496850013732910e-01
-4.676997661590576172e-01
-4.637966752052307129e-01
-4.558576643466949463e-01
-4.496612548828125000e-01
-4.475646913051605225e-01
-4.509622752666473389e-01
-4.478219449520111084e-01
-4.496691524982452393e-01
-4.499586522579193115e-01
-4.364559352397918701e-01
-4.410623908042907715e-01
-4.570721685886383057e-01
-4.505608379840850830e-01
-4.441184699535369873e-01
-4.469268918037414551e-01
-4.481894671916961670e-01
-4.471609592437744141e-01
-4.475833475589752197e-01
-4.539341032505035400e-01
-4.604816436767578125e-01
-4.581148028373718262e-01
-4.611731469631195068e-01
-4.709984064102172852e-01
-4.687197804450988770e-01
-4.724272191524505615e-01
-4.778976440429687500e-01
-4.818747937679290771e-01
-4.821619987487792969e-01
-4.788096547126770020e-01
-4.762420952320098877e-01
-4.886433780193328857e-01
-4.836128652095794678e-01
-4.997397065162658691e-01
-4.921184480190277100e-01
-4.920879304409027100e-01
-4.945955574512481689e-01
-4.867430329322814941e-01
-4.833132028579711914e-01
-4.905901253223419189e-01
-4.823282361030578613e-01
-4.904940128326416016e-01
-4.864360094070434570e-01
-4.836394488811492920e-01
-4.884624481201171875e-01
-4.888786077499389648e-01
-4.961131215095520020e-01
-5.126205086708068848e-01
-5.064924955368041992e-01
-5.142884850502014160e-01
-5.285692214965820312e-01
-5.355741977691650391e-01
-5.560592412948608398e-01
-5.668689012527465820e-01
-5.820497870445251465e-01
-6.003676056861877441e-01
-6.025851964950561523e-01
-6.235101819038391113e-01
-6.296918988227844238e-01
-6.410177350044250488e-01
-6.418082118034362793e-01
-6.568087339401245117e-01
-6.623034477233886719e-01
-6.591241359710693359e-01
-6.496217250823974609e-01
-6.591241359710693359e-01
-6.577473282814025879e-01
-6.415091156959533691e-01
-6.151142716407775879e-01
-6.077802777290344238e-01
-6.009104251861572266e-01
-5.933140516281127930e-01
-5.997530221939086914e-01
-5.825027227401733398e-01
-5.852534770965576172e-01
-5.868094563484191895e-01
-5.862802267074584961e-01
-5.899486541748046875e-01
-5.875292420387268066e-01
-6.031885147094726562e-01
-6.280872225761413574e-01
-6.423147916793823242e-01
-6.678852438926696777e-01
-6.828507184982299805e-01
-6.882306933403015137e-01
-6.543932557106018066e-01
-6.012434363365173340e-01
-5.700556039810180664e-01
-5.340436100959777832e-01
-5.263838768005371094e-01
-5.173807144165039062e-01
-5.181847810745239258e-01
-5.067124366760253906e-01
-4.944604039192199707e-01
-4.683675169944763184e-01
-4.336056411266326904e-01
-3.898598551750183105e-01
-3.577831685543060303e-01
-3.285103738307952881e-01
-2.898013293743133545e-01
-2.288515865802764893e-01
-1.641932725906372070e-01
-9.006251394748687744e-02
-1.067054457962512970e-02
7.243791222572326660e-02
1.502444446086883545e-01
2.094018161296844482e-01
2.954266965389251709e-01
3.407539427280426025e-01
3.838800489902496338e-01
4.081630408763885498e-01
4.048242270946502686e-01
4.155372083187103271e-01
3.966330289840698242e-01
4.017319679260253906e-01
3.903144896030426025e-01
3.644138574600219727e-01
3.278692066669464111e-01
3.122139275074005127e-01
2.880960702896118164e-01
2.516746819019317627e-01
2.436225861310958862e-01
2.096489071846008301e-01
1.938126981258392334e-01
1.852624416351318359e-01
1.711728125810623169e-01
1.589897572994232178e-01
1.512870788574218750e-01
1.546162515878677368e-01
1.568796187639236450e-01
1.566913425922393799e-01
1.637551039457321167e-01
1.502286195755004883e-01
1.494047939777374268e-01
1.642679274082183838e-01
1.822052299976348877e-01
1.771718859672546387e-01
1.950017660856246948e-01
1.924907416105270386e-01
2.137628793716430664e-01
2.249468415975570679e-01
2.358017265796661377e-01
2.373933792114257812e-01
2.497647106647491455e-01
2.521592378616333008e-01
2.705505788326263428e-01
2.660232782363891602e-01
2.631430625915527344e-01
2.574736177921295166e-01
2.522813975811004639e-01
2.520981729030609131e-01
2.456999272108078003e-01
2.405947744846343994e-01
2.279492020606994629e-01
2.198727875947952271e-01
1.997970640659332275e-01
1.818518489599227905e-01
1.657939851284027100e-01
1.373862922191619873e-01
1.147667616605758667e-01
7.700591534376144409e-02
2.302098833024501801e-02
-5.497892200946807861e-02
-1.295625716447830200e-01
-2.005835324525833130e-01
-2.709310948848724365e-01
-3.184414207935333252e-01
-3.674879968166351318e-01
-3.930754065513610840e-01
-4.198213517665863037e-01
-4.341546893119812012e-01
-4.648738205432891846e-01
-4.779598414897918701e-01
-4.927811324596405029e-01
-4.947979748249053955e-01
-4.860091209411621094e-01
-4.799670577049255371e-01
-4.848737418651580811e-01
-4.777144491672515869e-01
-4.811793267726898193e-01
-4.966553449630737305e-01
-4.958824217319488525e-01
-4.977788329124450684e-01
-5.054775476455688477e-01
-5.041154623031616211e-01
-4.905545115470886230e-01
-4.856014549732208252e-01
-4.657264649868011475e-01
-4.510640501976013184e-01
-4.301696121692657471e-01
-4.152380526065826416e-01
-3.993091285228729248e-01
-3.959132134914398193e-01
-3.960308432579040527e-01
-3.850080072879791260e-01
-3.831229209899902344e-01
-3.805638253688812256e-01
-3.796523809432983398e-01
-3.891943693161010742e-01
-3.824427127838134766e-01
-3.890496194362640381e-01
-3.954009711742401123e-01
-3.910981416702270508e-01
-3.907373845577239990e-01
-4.031935334205627441e-01
-4.050413370132446289e-01
-4.018269181251525879e-01
-3.995731770992279053e-01
-4.076032340526580811e-01
-4.042480587959289551e-01
-4.197144806385040283e-01
-4.068681895732879639e-01
-4.132025539875030518e-01
-4.143848419189453125e-01
-4.142378568649291992e-01
-4.153878986835479736e-01
-4.281086623668670654e-01
-4.324301481246948242e-01
-4.414587318897247314e-01
-4.469964504241943359e-01
-4.470303654670715332e-01
-4.494430124759674072e-01
-4.538589119911193848e-01
-4.657999575138092041e-01
-4.562952816486358643e-01
-4.645667970180511475e-01
-4.634743928909301758e-01
-4.639776349067687988e-01
-4.652068316936492920e-01
-4.666605293750762939e-01
-4.624752998352050781e-01
-4.664326608180999756e-01
-4.638300538063049316e-01
-4.782035350799560547e-01
-4.690036177635192871e-01
-4.669319391250610352e-01
-4.572615921497344971e-01
-4.635213315486907959e-01
-4.665672183036804199e-01
-4.591212570667266846e-01
-4.467940032482147217e-01
-4.587237536907196045e-01
-4.518251121044158936e-01
-4.564626514911651611e-01
-4.529598951339721680e-01
-4.590030908584594727e-01
-4.441133737564086914e-01
-4.583206176757812500e-01
-4.521015882492065430e-01
-4.587995409965515137e-01
-4.560589492321014404e-01
-4.572452008724212646e-01
-4.569986760616302490e-01
-4.570851922035217285e-01
-4.637084901332855225e-01
-4.635739028453826904e-01
-4.615927040576934814e-01
-4.636485576629638672e-01
-4.683138132095336914e-01
-4.544418454170227051e-01
-4.698930084705352783e-01
-4.719381332397460938e-01
-4.766486287117004395e-01
-4.691410064697265625e-01
-4.752362072467803955e-01
-4.721648693084716797e-01
-4.723056554794311523e-01
-4.697934985160827637e-01
-4.675369262695312500e-01
-4.726285040378570557e-01
-4.697827696800231934e-01
-4.701208770275115967e-01
-4.675640761852264404e-01
-4.743326902389526367e-01
-4.878082573413848877e-01
-4.888633489608764648e-01
-4.849370718002319336e-01
-4.996684789657592773e-01
-5.121845602989196777e-01
-5.199189186096191406e-01
-5.290384888648986816e-01
-5.490955710411071777e-01
-5.537936091423034668e-01
-5.706566572189331055e-01
-5.756707787513732910e-01
-5.899367928504943848e-01
-5.975495576858520508e-01
-6.000594496726989746e-01
-6.179780960083007812e-01
-6.163395643234252930e-01
-6.200079917907714844e-01
-6.272193193435668945e-01
-6.060336828231811523e-01
-6.186402440071105957e-01
-5.993973612785339355e-01
-5.944007635116577148e-01
-5.874207019805908203e-01
-5.776372551918029785e-01
-5.746134519577026367e-01
-5.658290982246398926e-01
-5.578024387359619141e-01
-5.532723069190979004e-01
-5.432729125022888184e-01
-5.499770641326904297e-01
-5.526198148727416992e-01
-5.553445816040039062e-01
-5.492380261421203613e-01
-5.653428435325622559e-01
-5.765070319175720215e-01
-6.002047657966613770e-01
-6.302782297134399414e-01
-6.503329873085021973e-01
-6.446058750152587891e-01
-6.282438635826110840e-01
-5.913249254226684570e-01
-5.520764589309692383e-01
-5.142070651054382324e-01
-4.880723357200622559e-01
-4.859152436256408691e-01
-4.758423268795013428e-01
-4.611217081546783447e-01
-4.487905204296112061e-01
-4.360855817794799805e-01
-3.826519250869750977e-01
-3.542821109294891357e-01
-2.994072139263153076e-01
-2.729304134845733643e-01
-2.409486919641494751e-01
-1.992960870265960693e-01
-1.266518086194992065e-01
-5.426027625799179077e-02
1.979980431497097015e-02
1.090390831232070923e-01
1.849820017814636230e-01
2.563320398330688477e-01
3.139050900936126709e-01
3.728040754795074463e-01
4.213253855705261230e-01
4.402097463607788086e-01
4.591286182403564453e-01
4.421892762184143066e-01
4.451939165592193604e-01
4.250102043151855469e-01
4.075518250465393066e-01
3.941124081611633301e-01
3.656820654869079590e-01
3.564929068088531494e-01
3.269215822219848633e-01
3.077788054943084717e-01
2.808095216751098633e-01
2.450135052204132080e-01
2.254675924777984619e-01
2.143124639987945557e-01
1.978763490915298462e-01
1.962829977273941040e-01
1.836504489183425903e-01
1.905343979597091675e-01
1.822832673788070679e-01
1.877791136503219604e-01
1.891140788793563843e-01
1.821068525314331055e-01
1.907356828451156616e-01
1.919309794902801514e-01
1.955847144126892090e-01
2.071463614702224731e-01
2.059827297925949097e-01
2.308430075645446777e-01
2.350943833589553833e-01
2.540494501590728760e-01
2.660272419452667236e-01
2.607026994228363037e-01
2.732634544372558594e-01
2.835399210453033447e-01
2.701242566108703613e-01
2.831282913684844971e-01
2.890131771564483643e-01
2.846475839614868164e-01
2.809016704559326172e-01
2.762466073036193848e-01
2.661691606044769287e-01
2.517482042312622070e-01
2.477444708347320557e-01
2.414649426937103271e-01
2.130809873342514038e-01
2.049254029989242554e-01
1.870372891426086426e-01
1.598203629255294800e-01
1.341865956783294678e-01
1.019724905490875244e-01
5.960180237889289856e-02
-1.563830301165580750e-02
-9.369362145662307739e-02
-1.870994567871093750e-01
-2.503770291805267334e-01
-3.027262091636657715e-01
-3.274360895156860352e-01
-3.685458898544311523e-01
-3.876089453697204590e-01
-4.126286506652832031e-01
-4.340596795082092285e-01
-4.560747742652893066e-01
-4.775024056434631348e-01
-4.729994237422943115e-01
-4.692902863025665283e-01
-4.742399454116821289e-01
-4.659469723701477051e-01
-4.595515429973602295e-01
-4.658547937870025635e-01
-4.811923205852508545e-01
-4.784709811210632324e-01
-4.795022904872894287e-01
-4.731481373310089111e-01
-4.723412692546844482e-01
-4.690369665622711182e-01
-4.504669606685638428e-01
-4.307729005813598633e-01
-4.224465787410736084e-01
-4.093130528926849365e-01
-3.957289159297943115e-01
-3.828792273998260498e-01
-3.834101557731628418e-01
-3.692170381546020508e-01
-3.617116808891296387e-01
-3.716681301593780518e-01
-3.697196841239929199e-01
-3.754242062568664551e-01
-3.673980832099914551e-01
-3.744946420192718506e-01
-3.829058110713958740e-01
-3.748802542686462402e-01
-3.884468972682952881e-01
-3.768292665481567383e-01
-3.900634050369262695e-01
-3.827537000179290771e-01
-3.808312714099884033e-01
-3.904111385345458984e-01
-3.863441050052642822e-01
-3.978141546249389648e-01
-3.945811092853546143e-01
-3.968054652214050293e-01
-4.040772914886474609e-01
-4.060161113739013672e-01
-4.107158482074737549e-01
-4.118489623069763184e-01
-4.129300415515899658e-01
-4.152782261371612549e-01
-4.191139936447143555e-01
-4.320428371429443359e-01
-4.314745962619781494e-01
-4.316509962081909180e-01
-4.372424185276031494e-01
-4.439997375011444092e-01
-4.303036034107208252e-01
-4.331963062286376953e-01
-4.411862194538116455e-01
-4.358944594860076904e-01
-4.279797375202178955e-01
-4.359363019466400146e-01
-4.360245168209075928e-01
-4.326303005218505859e-01
-4.321824908256530762e-01
-4.315707087516784668e-01
-4.308283329010009766e-01
-4.311839640140533447e-01
-4.288295805454254150e-01
-4.287362694740295410e-01
-4.216708242893218994e-01
-4.282613396644592285e-01
-4.180284142494201660e-01
-4.278921186923980713e-01
-4.244119524955749512e-01
-4.238714277744293213e-01
-4.254806041717529297e-01
-4.321644008159637451e-01
-4.318200647830963135e-01
-4.337854683399200439e-01
-4.401017427444458008e-01
-4.412161707878112793e-01
-4.461918473243713379e-01
-4.495962262153625488e-01
-4.497115612030029297e-01
-4.544147253036499023e-01
-4.586508274078369141e-01
-4.615519642829895020e-01
-4.551650285720825195e-01
-4.699755609035491943e-01
-4.711459875106811523e-01
-4.701514244079589844e-01
-4.785320460796356201e-01
-4.775736629962921143e-01
-4.714026749134063721e-01
-4.750371873378753662e-01
-4.745876789093017578e-01
-4.718872308731079102e-01
-4.766684174537658691e-01
-4.733041822910308838e-01
-4.698698222637176514e-01
-4.689623415470123291e-01
-4.677155911922454834e-01
-4.742676615715026855e-01
-4.679513871669769287e-01
-4.783160388469696045e-01
-4.766978323459625244e-01
-4.796057641506195068e-01
-4.988491833209991455e-01
-5.081107020378112793e-01
-5.102016329765319824e-01
-5.243907570838928223e-01
-5.309954285621643066e-01
-5.520600676536560059e-01
-5.577040314674377441e-01
-5.801765918731689453e-01
-5.981528759002685547e-01
-5.994623899459838867e-01
-6.109737157821655273e-01
-6.281064152717590332e-01
-6.324222683906555176e-01
-6.344045996665954590e-01
-6.385570764541625977e-01
-6.417810916900634766e-01
-6.390252113342285156e-01
-6.357531547546386719e-01
-6.168993115425109863e-01
-6.069462299346923828e-01
-6.008770465850830078e-01
-5.858618617057800293e-01
-5.727837085723876953e-01
-5.612034201622009277e-01
-5.609546303749084473e-01
-5.481145977973937988e-01
-5.331338047981262207e-01
-5.322314500808715820e-01
-5.242341756820678711e-01
-5.334442257881164551e-01
-5.442691445350646973e-01
-5.445744991302490234e-01
-5.604943633079528809e-01
-5.754688978195190430e-01
-6.018552184104919434e-01
-6.180725693702697754e-01
-6.495951414108276367e-01
-6.314311027526855469e-01
-5.997897982597351074e-01
-5.535041093826293945e-01
-5.068345665931701660e-01
-4.829388856887817383e-01
-4.699303209781646729e-01
-4.519540071487426758e-01
-4.593259394168853760e-01
-4.472666978836059570e-01
-4.298105835914611816e-01
-3.900639712810516357e-01
-3.683072924613952637e-01
-3.142341375350952148e-01
-2.866604328155517578e-01
-2.512030899524688721e-01
-2.176857143640518188e-01
-1.517738699913024902e-01
-7.775563001632690430e-02
-4.143365193158388138e-03
9.719245135784149170e-02
1.581258028745651245e-01
2.358735352754592896e-01
3.097091317176818848e-01
3.719570934772491455e-01
4.153302609920501709e-01
4.499547183513641357e-01
4.661726057529449463e-01
4.666684567928314209e-01
4.679067432880401611e-01
4.538125693798065186e-01
4.438227713108062744e-01
4.178791642189025879e-01
3.987703025341033936e-01
3.761717081069946289e-01
3.609257936477661133e-01
3.284369111061096191e-01
3.070929646492004395e-01
2.825453579425811768e-01
2.481436580419540405e-01
2.437837272882461548e-01
2.107299864292144775e-01
2.003800123929977417e-01
1.920112669467926025e-01
1.825037747621536255e-01
1.762248128652572632e-01
1.848853081464767456e-01
1.743210554122924805e-01
1.881845295429229736e-01
1.929487287998199463e-01
1.888047903776168823e-01
1.916228234767913818e-01
1.923233866691589355e-01
2.027151882648468018e-01
2.103607654571533203e-01
2.340229153633117676e-01
2.329740673303604126e-01
2.489244937896728516e-01
2.529395222663879395e-01
2.643830180168151855e-01
2.736010253429412842e-01
2.654793560504913330e-01
2.851779460906982422e-01
2.794497013092041016e-01
2.803351283073425293e-01
2.865558564662933350e-01
2.865971326828002930e-01
2.815977036952972412e-01
2.840685844421386719e-01
2.638023197650909424e-01
2.627150416374206543e-01
2.516786456108093262e-01
2.412037253379821777e-01
2.289465963840484619e-01
2.034524977207183838e-01
1.861213147640228271e-01
1.597050130367279053e-01
1.183317154645919800e-01
5.996423587203025818e-02
-7.200577296316623688e-03
-9.651844948530197144e-02
-1.722804307937622070e-01
-2.390358895063400269e-01
-2.817989885807037354e-01
-3.138106465339660645e-01
-3.278675079345703125e-01
-3.480393290519714355e-01
-3.788438439369201660e-01
-4.013327658176422119e-01
-4.229463934898376465e-01
-4.307977855205535889e-01
-4.290003180503845215e-01
-4.257723689079284668e-01
-4.241699576377868652e-01
-4.156496822834014893e-01
-4.160160720348358154e-01
-4.140326082706451416e-01
-4.172142148017883301e-01
-4.195934832096099854e-01
-4.167906939983367920e-01
-4.225721061229705811e-01
-4.246200323104858398e-01
-4.108758568763732910e-01
-4.016211032867431641e-01
-3.907628357410430908e-01
-3.842413127422332764e-01
-3.611151874065399170e-01
-3.582807481288909912e-01
-3.401342332363128662e-01
-3.406272828578948975e-01
-3.309428095817565918e-01
-3.326028585433959961e-01
-3.220397233963012695e-01
-3.205900192260742188e-01
-3.288117349147796631e-01
-3.298198878765106201e-01
-3.363651633262634277e-01
-3.608262538909912109e-01
-3.599781095981597900e-01
-3.552444577217102051e-01
-3.574495613574981689e-01
-3.557131886482238770e-01
-3.636584281921386719e-01
-3.643012940883636475e-01
-3.702986836433410645e-01
-3.655576705932617188e-01
-3.708878457546234131e-01
-3.758708834648132324e-01
-3.771600127220153809e-01
-3.831919133663177490e-01
-3.781958818435668945e-01
-3.842209577560424805e-01
-3.783140480518341064e-01
-3.934118151664733887e-01
-3.963915705680847168e-01
-3.987538814544677734e-01
-4.003772139549255371e-01
-4.128943979740142822e-01
-3.992763459682464600e-01
-4.095697700977325439e-01
-4.075925052165985107e-01
-4.036458730697631836e-01
-4.036786854267120361e-01
-4.127604067325592041e-01
-4.056921303272247314e-01
-3.973810374736785889e-01
-4.050056934356689453e-01
-4.117358624935150146e-01
-4.077010452747344971e-01
-3.912485241889953613e-01
-4.051713645458221436e-01
-4.004625678062438965e-01
-4.004088640213012695e-01
-3.964447081089019775e-01
-3.995420634746551514e-01
-4.067624509334564209e-01
-4.047642648220062256e-01
-4.101894497871398926e-01
-4.071542918682098389e-01
-4.070881307125091553e-01
-4.135209023952484131e-01
-4.193938970565795898e-01
-4.132596850395202637e-01
-4.178548157215118408e-01
-4.090846180915832520e-01
-4.223645925521850586e-01
-4.211427271366119385e-01
-4.327298104763031006e-01
-4.354641735553741455e-01
-4.416690766811370850e-01
-4.410991370677947998e-01
-4.508655965328216553e-01
-4.415305554866790771e-01
-4.503453969955444336e-01
-4.483771920204162598e-01
-4.458740949630737305e-01
-4.421468377113342285e-01
-4.502181708812713623e-01
-4.497302174568176270e-01
-4.601469039916992188e-01
-4.596210718154907227e-01
-4.623774886131286621e-01
-4.669127166271209717e-01
-4.665774106979370117e-01
-4.702339768409729004e-01
-4.751016497611999512e-01
-4.769092798233032227e-01
-4.798935651779174805e-01
-4.735456109046936035e-01
-4.623220860958099365e-01
-4.643734097480773926e-01
-4.714756309986114502e-01
-4.782153964042663574e-01
-4.886083304882049561e-01
-4.793264567852020264e-01
-5.034437775611877441e-01
-5.118288993835449219e-01
-5.184391736984252930e-01
-5.215981602668762207e-01
-5.429138541221618652e-01
-5.576164126396179199e-01
-5.634967684745788574e-01
-5.819960832595825195e-01
-5.880115628242492676e-01
-5.913192629814147949e-01
-5.982540845870971680e-01
-6.062666177749633789e-01
-6.067314147949218750e-01
-6.060901880264282227e-01
-6.005508303642272949e-01
-5.965335369110107422e-01
-5.853229761123657227e-01
-5.780941247940063477e-01
-5.641475319862365723e-01
-5.576141476631164551e-01
-5.463640093803405762e-01
-5.415059924125671387e-01
-5.310977697372436523e-01
-5.260813832283020020e-01
-5.269430875778198242e-01
-5.220635533332824707e-01
-5.238378047943115234e-01
-5.409145355224609375e-01
-5.448289513587951660e-01
-5.612186789512634277e-01
-5.801759958267211914e-01
-5.964843630790710449e-01
-6.276671290397644043e-01
-6.404325366020202637e-01
-6.347472667694091797e-01
-5.947807431221008301e-01
-5.546304583549499512e-01
-4.986218810081481934e-01
-4.803085625171661377e-01
-4.735105633735656738e-01
-4.784590899944305420e-01
-4.698155522346496582e-01
-4.626505970954895020e-01
-4.446279108524322510e-01
-4.126207530498504639e-01
-3.699571788311004639e-01
-3.384775519371032715e-01
-3.077753782272338867e-01
-2.808021306991577148e-01
-2.469754815101623535e-01
-1.758092045783996582e-01
-1.113465204834938049e-01
-3.160512819886207581e-02
7.084286957979202271e-02
1.451528668403625488e-01
2.102488130331039429e-01
2.916989028453826904e-01
3.460598289966583252e-01
3.811434209346771240e-01
4.042344987392425537e-01
4.323702454566955566e-01
4.340393543243408203e-01
4.180261790752410889e-01
4.120581746101379395e-01
3.994267582893371582e-01
3.746987879276275635e-01
3.481982350349426270e-01
3.319181799888610840e-01
3.208178877830505371e-01
2.913161218166351318e-01
2.766508758068084717e-01
2.513591945171356201e-01
2.228898555040359497e-01
2.064531594514846802e-01
1.988432109355926514e-01
1.967528611421585083e-01
1.738647669553756714e-01
1.666930019855499268e-01
1.682727783918380737e-01
1.633920967578887939e-01
1.786097437143325806e-01
1.697089374065399170e-01
1.817042827606201172e-01
1.770633310079574585e-01
1.818043589591979980e-01
1.866296231746673584e-01
2.048518955707550049e-01
2.133122384548187256e-01
2.345708161592483521e-01
2.466498315334320068e-01
2.541749775409698486e-01
2.529672384262084961e-01
2.787564992904663086e-01
2.808858454227447510e-01
2.825345993041992188e-01
2.926442623138427734e-01
2.988146841526031494e-01
2.850117087364196777e-01
2.993241250514984131e-01
3.026041090488433838e-01
2.895061969757080078e-01
2.862392365932464600e-01
2.894146144390106201e-01
2.812533676624298096e-01
2.765468358993530273e-01
2.589108943939208984e-01
2.473548948764801025e-01
2.241162359714508057e-01
1.994069367647171021e-01
1.817104965448379517e-01
1.461112499237060547e-01
9.758428484201431274e-02
1.584357768297195435e-02
-5.005243793129920959e-02
-1.210586950182914734e-01
-1.879238337278366089e-01
-2.235960215330123901e-01
-2.497946470975875854e-01
-2.669188678264617920e-01
-2.899551093578338623e-01
-3.144326210021972656e-01
-3.385589718818664551e-01
-3.463883101940155029e-01
-3.523376286029815674e-01
-3.486143648624420166e-01
-3.465307950973510742e-01
-3.330891132354736328e-01
-3.210033178329467773e-01
-3.142352700233459473e-01
-3.204305469989776611e-01
-3.269498348236083984e-01
-3.310564458370208740e-01
-3.390090465545654297e-01
-3.212187588214874268e-01
-3.091844022274017334e-01
-2.984290421009063721e-01
-2.907580137252807617e-01
-2.756201028823852539e-01
-2.668137252330780029e-01
-2.566639184951782227e-01
-2.404596060514450073e-01
-2.272497564554214478e-01
-2.262071222066879272e-01
-2.199864089488983154e-01
-2.212026119232177734e-01
-2.192847132682800293e-01
-2.126919478178024292e-01
-2.091863602399826050e-01
-2.255388051271438599e-01
-2.338645756244659424e-01
-2.358299642801284790e-01
-2.335711270570755005e-01
-2.339431643486022949e-01
-2.403629124164581299e-01
-2.468968778848648071e-01
-2.434122115373611450e-01
-2.523000240325927734e-01
-2.491495013236999512e-01
-2.489527463912963867e-01
-2.479593008756637573e-01
-2.427450269460678101e-01
-2.421835660934448242e-01
-2.584636211395263672e-01
-2.550332546234130859e-01
-2.698454856872558594e-01
-2.712805271148681641e-01
-2.720325291156768799e-01
-2.858711183071136475e-01
-2.834059000015258789e-01
-2.834562063217163086e-01
-2.928998172283172607e-01
-2.965976595878601074e-01
-2.916185855865478516e-01
-2.966293096542358398e-01
-2.869578301906585693e-01
-3.127391934394836426e-01
-3.070482611656188965e-01
-3.101976215839385986e-01
-3.036777973175048828e-01
-3.062176704406738281e-01
-3.005476593971252441e-01
-3.016366362571716309e-01
-2.989418804645538330e-01
-3.069040775299072266e-01
-3.050183951854705811e-01
-2.995236814022064209e-01
-2.885285615921020508e-01
-2.880869805812835693e-01
-3.004204332828521729e-01
-2.977454364299774170e-01
-3.003593683242797852e-01
-2.999680936336517334e-01
-3.026543855667114258e-01
-3.093155920505523682e-01
-3.118656277656555176e-01
-3.125746548175811768e-01
-3.196220099925994873e-01
-3.218735158443450928e-01
-3.241063356399536133e-01
-3.348130881786346436e-01
-3.420006632804870605e-01
-3.391724526882171631e-01
-3.465822339057922363e-01
-3.484328687191009521e-01
-3.497446179389953613e-01
-3.631704747676849365e-01
-3.714594841003417969e-01
-3.611734211444854736e-01
-3.702732324600219727e-01
-3.697293102741241455e-01
-3.713424503803253174e-01
-3.687692284584045410e-01
-3.793464899063110352e-01
-3.720588386058807373e-01
-3.757498860359191895e-01
-3.735984563827514648e-01
-3.776581585407257080e-01
-3.746580481529235840e-01
-3.743222057819366455e-01
-3.843628764152526855e-01
-3.810472786426544189e-01
-3.840643465518951416e-01
-3.918637037277221680e-01
-3.859647214412689209e-01
-3.936430811882019043e-01
-4.071215093135833740e-01
-4.120869934558868408e-01
-4.111744165420532227e-01
-4.231064021587371826e-01
-4.365124702453613281e-01
-4.446618258953094482e-01
-4.547963738441467285e-01
-4.731961786746978760e-01
-4.797397553920745850e-01
-4.957003593444824219e-01
-5.080146193504333496e-01
-5.240193009376525879e-01
-5.243964195251464844e-01
-5.241035223007202148e-01
-5.487150549888610840e-01
-5.516976118087768555e-01
-5.594732165336608887e-01
-5.587794780731201172e-01
-5.576587915420532227e-01
-5.560298562049865723e-01
-5.457618832588195801e-01
-5.403915047645568848e-01
-5.339491367340087891e-01
-5.275497436523437500e-01
-5.113663673400878906e-01
-5.072377324104309082e-01
-4.968877434730529785e-01
-4.870647490024566650e-01
-4.866763055324554443e-01
-4.865445494651794434e-01
-4.893303811550140381e-01
-4.919352531433105469e-01
-4.906257390975952148e-01
-5.014540553092956543e-01
-5.218469500541687012e-01
-5.573105216026306152e-01
-5.753207802772521973e-01
-5.964730381965637207e-01
-5.934876203536987305e-01
-5.686154961585998535e-01
-5.223338007926940918e-01
-4.693558812141418457e-01
-4.500655233860015869e-01
-4.336175322532653809e-01
-4.293554127216339111e-01
-4.115685224533081055e-01
-4.127581417560577393e-01
-3.971334099769592285e-01
-3.797298371791839600e-01
-3.338852226734161377e-01
-3.034363687038421631e-01
-2.737824916839599609e-01
-2.465033531188964844e-01
-1.990766972303390503e-01
-1.476395428180694580e-01
-6.715744733810424805e-02
1.692748256027698517e-02
1.045926362276077271e-01
1.726920902729034424e-01
2.507202625274658203e-01
3.156912624835968018e-01
3.748655915260314941e-01
4.163983464241027832e-01
4.442756772041320801e-01
4.643525183200836182e-01
4.748551547527313232e-01
4.537701606750488281e-01
4.371683895587921143e-01
4.241055250167846680e-01
4.071910679340362549e-01
3.828006684780120850e-01
3.634317219257354736e-01
3.277465105056762695e-01
3.147000670433044434e-01
2.855290472507476807e-01
2.469675838947296143e-01
2.424781769514083862e-01
2.285887002944946289e-01
2.072436213493347168e-01
2.047704756259918213e-01
1.874031126499176025e-01
1.993718743324279785e-01
1.791712045669555664e-01
1.854795664548873901e-01
1.859036237001419067e-01
1.907057166099548340e-01
1.911671012639999390e-01
1.932749748229980469e-01
1.971559971570968628e-01
2.033190578222274780e-01
2.094210386276245117e-01
2.356094866991043091e-01
2.354783117771148682e-01
2.455127686262130737e-01
2.539131641387939453e-01
2.698042392730712891e-01
2.648907601833343506e-01
2.712002396583557129e-01
2.847069501876831055e-01
2.903786599636077881e-01
2.824871242046356201e-01
2.930999994277954102e-01
2.732312381267547607e-01
2.755064666271209717e-01
2.748602032661437988e-01
2.734670042991638184e-01
2.590324580669403076e-01
2.465831041336059570e-01
2.388838082551956177e-01
2.211738079786300659e-01
2.093695849180221558e-01
1.878961622714996338e-01
1.716833859682083130e-01
1.392171084880828857e-01
1.059377640485763550e-01
6.280659139156341553e-02
-3.177502367179840803e-04
-7.950277626514434814e-02
-1.563198268413543701e-01
-2.225030809640884399e-01
-2.699693143367767334e-01
-3.075803220272064209e-01
-3.436301946640014648e-01
-3.567077517509460449e-01
-3.809929788112640381e-01
-4.112320840358734131e-01
-4.306541681289672852e-01
-4.428434371948242188e-01
-4.517968297004699707e-01
-4.524696767330169678e-01
-4.446454346179962158e-01
-4.438730776309967041e-01
-4.344475567340850830e-01
-4.447913169860839844e-01
-4.524855017662048340e-01
-4.532459974288940430e-01
-4.472384452819824219e-01
-4.455506503582000732e-01
-4.384348988533020020e-01
-4.225760698318481445e-01
-4.099644124507904053e-01
-3.950430452823638916e-01
-3.814170658588409424e-01
-3.630698323249816895e-01
-3.375530838966369629e-01
-3.394359350204467773e-01
-3.143127560615539551e-01
-3.184776008129119873e-01
-3.135341703891754150e-01
-3.030818402767181396e-01
-3.072557747364044189e-01
-3.112560808658599854e-01
-3.128104209899902344e-01
-3.220674395561218262e-01
-3.219645321369171143e-01
-3.169238269329071045e-01
-3.303349912166595459e-01
-3.349018394947052002e-01
-3.290056884288787842e-01
-3.347474932670593262e-01
-3.410388827323913574e-01
-3.514397442340850830e-01
-3.528142869472503662e-01
-3.477362692356109619e-01
-3.596597909927368164e-01
-3.636804819107055664e-01
-3.652280271053314209e-01
-3.578872084617614746e-01
-3.658844828605651855e-01
-3.762440383434295654e-01
-3.793968260288238525e-01
-3.811795711517333984e-01
-3.800187706947326660e-01
-3.810365200042724609e-01
-3.975308835506439209e-01
-3.881647586822509766e-01
-3.892938792705535889e-01
-3.903014659881591797e-01
-3.913746178150177002e-01
-3.929255604743957520e-01
-3.929131329059600830e-01
-4.085836708545684814e-01
-4.057079553604125977e-01
-4.082500636577606201e-01
-3.933484852313995361e-01
-4.125557243824005127e-01
-4.049763083457946777e-01
-4.083529710769653320e-01
-4.047597646713256836e-01
-4.077310264110565186e-01
-4.115656912326812744e-01
-4.175438284873962402e-01
-4.113355576992034912e-01
-4.076801240444183350e-01
-4.085870683193206787e-01
-3.988974988460540771e-01
-4.080205261707305908e-01
-4.124562144279479980e-01
-4.087968170642852783e-01
-4.179045855998992920e-01
-4.201741516590118408e-01
-4.254410266876220703e-01
-4.251283407211303711e-01
-4.227174222469329834e-01
-4.255032241344451904e-01
-4.327807128429412842e-01
-4.410917758941650391e-01
-4.314621686935424805e-01
-4.362699091434478760e-01
-4.376585781574249268e-01
-4.415673017501831055e-01
-4.426348209381103516e-01
-4.442394673824310303e-01
-4.553668797016143799e-01
-4.474318027496337891e-01
-4.453674554824829102e-01
-4.468669593334197998e-01
-4.527342915534973145e-01
-4.498992860317230225e-01
-4.598432779312133789e-01
-4.643423259258270264e-01
-4.618821740150451660e-01
-4.772881269454956055e-01
-4.605172574520111084e-01
-4.525081217288970947e-01
-4.606359899044036865e-01
-4.539618194103240967e-01
-4.540387094020843506e-01
-4.699749946594238281e-01
-4.730706512928009033e-01
-4.806857109069824219e-01
-4.755980670452117920e-01
-4.853119552135467529e-01
-4.908841550350189209e-01
-5.121693015098571777e-01
-5.275464057922363281e-01
-5.350449681282043457e-01
-5.554197430610656738e-01
-5.639428496360778809e-01
-5.746716856956481934e-01
-5.890111923217773438e-01
-6.010817289352416992e-01
-5.977435111999511719e-01
-6.110737919807434082e-01
-6.251402497291564941e-01
-6.251357197761535645e-01
-6.277558803558349609e-01
-6.268076896667480469e-01
-6.106214523315429688e-01
-6.083015799522399902e-01
-5.945822596549987793e-01
-5.893589258193969727e-01
