-3.055103123188018799e-03
-3.569785505533218384e-03
-1.563743874430656433e-02
-1.428842172026634216e-02
-8.667124435305595398e-03
-7.490486837923526764e-03
-1.401328481733798981e-02
-1.311615854501724243e-02
-2.588670700788497925e-03
-1.536636613309383392e-02
-4.467531107366085052e-03
-8.251708000898361206e-03
-5.865750834345817566e-03
-1.011927239596843719e-02
-1.014605723321437836e-02
-2.035492286086082458e-02
-1.973428204655647278e-02
-1.280071958899497986e-02
-1.919282972812652588e-02
-1.343760825693607330e-02
-1.034780498594045639e-02
-1.032502856105566025e-02
-4.638392478227615356e-03
-1.028452441096305847e-02
-2.017552033066749573e-02
-1.276151649653911591e-02
-1.493546180427074432e-02
-1.523687411099672318e-02
-9.801371023058891296e-03
-6.448986008763313293e-03
-1.663412526249885559e-02
-1.805331744253635406e-02
-6.866711191833019257e-03
-1.181924063712358475e-02
-1.662794128060340881e-02
-1.694869063794612885e-02
-1.282162219285964966e-02
-1.081718131899833679e-02
-6.613521836698055267e-03
-7.451115176081657410e-03
-9.826923720538616180e-03
-4.669854417443275452e-03
-7.879721000790596008e-03
-3.521480597555637360e-03
-7.733460515737533569e-03
-7.841363549232482910e-03
-8.614830672740936279e-03
-5.108518525958061218e-04
-5.695884581655263901e-03
-1.480080652981996536e-03
-2.868473995476961136e-03
-2.013653982430696487e-03
-4.663390573114156723e-03
2.264644252136349678e-03
-8.950134739279747009e-03
-9.326348081231117249e-04
-4.653452429920434952e-03
-1.702840067446231842e-02
-7.787378970533609390e-03
-9.327436797320842743e-03
-8.914588950574398041e-03
-6.517201196402311325e-03
-2.971753943711519241e-03
-5.763447377830743790e-03
-8.096642792224884033e-03
-8.050976321101188660e-03
-9.284724481403827667e-03
-2.748642116785049438e-03
-1.004049554467201233e-04
9.030508808791637421e-04
3.153982805088162422e-03
-5.696273874491453171e-03
-4.564213100820779800e-03
6.394479423761367798e-04
5.033689085394144058e-03
9.065342135727405548e-03
9.738142602145671844e-03
1.452976744621992111e-02
1.724151521921157837e-02
3.360072150826454163e-02
2.504472807049751282e-02
1.976179331541061401e-02
2.778631635010242462e-02
2.647579647600650787e-02
1.135255116969347000e-02
1.406257599592208862e-02
1.644035615026950836e-02
2.154549397528171539e-02
2.099718898534774780e-02
1.584724709391593933e-02
8.093029260635375977e-03
5.152745172381401062e-03
1.883040647953748703e-03
-3.046652767807245255e-03
-7.888233289122581482e-03
-8.703463710844516754e-03
-1.039983425289392471e-02
-1.928470656275749207e-02
-1.641313545405864716e-02
-1.483674161136150360e-02
-9.709816426038742065e-03
-1.143234223127365112e-02
-1.138176489621400833e-02
-3.588721156120300293e-03
-3.322356380522251129e-03
4.275238141417503357e-03
1.936992630362510681e-04
8.212218061089515686e-03
4.008518531918525696e-02
8.439520746469497681e-02
9.411568194627761841e-02
9.227411448955535889e-02
1.105656176805496216e-01
7.833956182003021240e-02
7.672365009784698486e-02
1.272512823343276978e-01
5.322355031967163086e-02
7.699561864137649536e-02
4.456835240125656128e-02
2.223161421716213226e-02
2.306923270225524902e-02
1.431184913963079453e-02
1.279301475733518600e-02
1.095767598599195480e-02
9.556387551128864288e-03
1.216638553887605667e-02
1.103929057717323303e-02
1.080950535833835602e-02
1.104739680886268616e-02
3.841337747871875763e-03
7.514563389122486115e-03
7.771018892526626587e-03
1.812240108847618103e-03
5.033090710639953613e-04
8.067641407251358032e-03
3.585858270525932312e-03
7.981555536389350891e-03
1.039425656199455261e-02
4.089321941137313843e-03
1.256626099348068237e-03
-2.546122297644615173e-03
2.941802144050598145e-03
8.502319455146789551e-03
4.803492687642574310e-03
5.703598260879516602e-03
8.566203527152538300e-03
4.490006715059280396e-03
1.424176618456840515e-03
-1.336868852376937866e-03
3.373142331838607788e-03
3.956362605094909668e-03
4.097225144505500793e-03
1.053542736917734146e-02
1.324978936463594437e-02
1.313741505146026611e-02
1.320846751332283020e-02
2.242670953273773193e-02
2.048005349934101105e-02
2.961130067706108093e-02
2.949453145265579224e-02
3.072372451424598694e-02
2.457752078771591187e-02
3.067738190293312073e-02
4.333362728357315063e-02
4.763928800821304321e-02
3.832245618104934692e-02
4.753139615058898926e-02
5.556020885705947876e-02
6.310341507196426392e-02
7.637594640254974365e-02
7.375256717205047607e-02
5.999360233545303345e-02
3.522228077054023743e-02
6.965312361717224121e-02
5.372503027319908142e-02
8.329314738512039185e-02
9.027755260467529297e-02
7.303111255168914795e-02
7.078617811203002930e-02
5.188053101301193237e-02
8.398035913705825806e-02
6.617984175682067871e-02
1.304112076759338379e-01
8.967719972133636475e-02
1.045179292559623718e-01
8.775540441274642944e-02
3.915786743164062500e-02
4.068332165479660034e-02
4.311425238847732544e-02
2.322849817574024200e-02
1.957304030656814575e-02
1.887905783951282501e-02
1.100834272801876068e-02
1.831212267279624939e-02
1.467673387378454208e-02
1.559406053274869919e-02
-7.274653762578964233e-04
-3.639906644821166992e-04
2.654435113072395325e-03
4.917087033390998840e-03
1.236049644649028778e-02
2.284577116370201111e-03
2.402635477483272552e-02
-1.448275521397590637e-03
1.317929476499557495e-02
1.048927940428256989e-02
2.657695673406124115e-02
1.720502413809299469e-02
1.373438164591789246e-02
1.525170728564262390e-02
2.272059209644794464e-02
1.957409642636775970e-02
1.687073893845081329e-02
2.579910308122634888e-02
1.627266034483909607e-02
2.900459058582782745e-02
1.601260341703891754e-02
1.473972573876380920e-02
2.291847020387649536e-02
1.429287157952785492e-02
2.036949619650840759e-02
2.098662406206130981e-02
2.159228734672069550e-02
1.634701341390609741e-02
1.613134890794754028e-02
9.591067209839820862e-03
1.870757713913917542e-02
1.137788593769073486e-02
1.006677187979221344e-02
1.729790493845939636e-02
1.800459809601306915e-02
1.963122747838497162e-02
1.711731404066085815e-02
1.986919343471527100e-02
1.512396335601806641e-02
8.498657494783401489e-03
8.160796016454696655e-03
7.655749097466468811e-03
1.343952957540750504e-02
5.902618169784545898e-03
-6.574237719178199768e-03
9.516546502709388733e-03
-5.725072696805000305e-03
4.289709031581878662e-03
5.867108702659606934e-03
5.022477358579635620e-03
1.677459105849266052e-03
1.152582280337810516e-02
1.553796324878931046e-02
2.657257020473480225e-03
5.304412916302680969e-03
-8.885189890861511230e-05
-4.525901749730110168e-03
-2.559497952461242676e-04
6.041862070560455322e-05
3.737427294254302979e-03
1.064059697091579437e-02
1.009470783174037933e-02
2.430584281682968140e-04
1.359781250357627869e-03
1.786829531192779541e-02
4.105931147933006287e-03
9.379574097692966461e-03
5.023663863539695740e-03
1.129113603383302689e-02
7.628168910741806030e-03
6.966358982026576996e-03
1.345355249941349030e-02
3.077585250139236450e-03
6.966499611735343933e-03
5.579715594649314880e-03
1.025956869125366211e-02
7.312877103686332703e-03
7.925288751721382141e-03
3.237510100007057190e-03
1.010403037071228027e-03
7.208792492747306824e-03
4.076228477060794830e-03
2.873507328331470490e-03
8.326720446348190308e-03
-3.633540123701095581e-03
4.641279578208923340e-03
-3.830928355455398560e-03
3.815654665231704712e-03
8.469048887491226196e-03
-3.589205443859100342e-04
5.223744548857212067e-03
-3.399439156055450439e-03
-5.090292543172836304e-04
-2.129531465470790863e-03
4.249801859259605408e-03
9.022702462971210480e-03
4.757792688906192780e-03
-8.744879625737667084e-03
-2.453109249472618103e-03
-3.182982094585895538e-03
-9.567411616444587708e-04
5.381563678383827209e-03
-1.199475955218076706e-02
-1.213297247886657715e-03
-5.573845468461513519e-03
-6.699878722429275513e-04
7.093823514878749847e-03
9.549655020236968994e-03
1.100147236138582230e-02
1.723965071141719818e-02
1.581060327589511871e-02
3.918444365262985229e-02
3.530498966574668884e-02
4.915008693933486938e-02
3.200501203536987305e-02
4.131466895341873169e-02
4.144571721553802490e-02
3.654657304286956787e-02
3.508863225579261780e-02
3.166019544005393982e-02
3.527690470218658447e-02
2.234369143843650818e-02
2.689846232533454895e-02
3.476331382989883423e-02
2.193642221391201019e-02
1.334853004664182663e-02
-3.094156272709369659e-03
-6.988732609897851944e-03
-2.345163002610206604e-02
-2.125720307230949402e-02
-2.292497828602790833e-02
-2.277804352343082428e-02
-2.223008498549461365e-02
-3.127283230423927307e-02
-2.583056688308715820e-02
-9.434260427951812744e-04
-3.032349795103073120e-02
-2.365484088659286499e-02
-2.681276947259902954e-02
-9.188011288642883301e-03
-1.165615394711494446e-03
-1.035812217742204666e-02
6.615558639168739319e-03
1.409858744591474533e-02
5.320708826184272766e-02
7.684238255023956299e-02
1.233320087194442749e-01
1.858281791210174561e-01
1.710334420204162598e-01
1.601754724979400635e-01
8.996166288852691650e-02
3.360129892826080322e-02
3.700685501098632812e-02
2.516380324959754944e-02
2.954345941543579102e-02
2.633578702807426453e-02
2.457706443965435028e-02
2.531957998871803284e-02
2.275465242564678192e-02
2.229886502027511597e-02
1.820993050932884216e-02
1.647140271961688995e-02
1.723859272897243500e-02
1.139912474900484085e-02
1.477686781436204910e-02
1.262609288096427917e-02
1.199623290449380875e-02
1.458566542714834213e-02
1.153270620852708817e-02
8.998053148388862610e-03
8.357042446732521057e-03
1.244095247238874435e-02
7.293885573744773865e-03
1.112458389252424240e-02
8.882747963070869446e-03
8.287947624921798706e-03
1.035538874566555023e-02
9.295897558331489563e-03
2.871515229344367981e-03
7.328851148486137390e-03
7.875379174947738647e-03
3.352779895067214966e-04
5.528296343982219696e-03
1.078317873179912567e-03
2.240412868559360504e-03
5.908982362598180771e-03
6.338124163448810577e-03
6.259258836507797241e-03
9.615547955036163330e-03
1.273692585527896881e-02
1.314084697514772415e-02
1.605233550071716309e-02
1.456836517900228500e-02
1.514550298452377319e-02
2.012051641941070557e-02
2.270834520459175110e-02
2.147001586854457855e-02
3.389940038323402405e-02
2.885947003960609436e-02
3.818126395344734192e-02
4.495400935411453247e-02
3.248209506273269653e-02
5.538376420736312866e-02
5.227865651249885559e-02
4.947768151760101318e-02
5.067981034517288208e-02
6.632279604673385620e-02
8.066013455390930176e-02
9.486661851406097412e-02
7.805044203996658325e-02
7.177788764238357544e-02
7.193304598331451416e-02
5.659826099872589111e-02
5.562195554375648499e-02
5.922099202871322632e-02
6.049723178148269653e-02
4.721563681960105896e-02
5.674401670694351196e-02
7.065572589635848999e-02
8.113662898540496826e-02
8.436465263366699219e-02
6.268133223056793213e-02
5.458081886172294617e-02
5.224273353815078735e-02
4.904600232839584351e-02
4.615677148103713989e-02
4.376225918531417847e-02
3.638743981719017029e-02
3.208763524889945984e-02
3.130894154310226440e-02
2.747564390301704407e-02
2.546519041061401367e-02
2.129885181784629822e-02
2.009730227291584015e-02
1.659360527992248535e-02
1.697255857288837433e-02
1.603234745562076569e-02
9.021885693073272705e-03
1.125301141291856766e-02
1.034531742334365845e-04
-6.830763071775436401e-03
-7.473057135939598083e-03
4.443945363163948059e-03
9.597430005669593811e-03
-5.631722509860992432e-03
-1.049835607409477234e-02
5.156890489161014557e-03
8.817183785140514374e-03
-6.769835948944091797e-03
-2.900253981351852417e-03
9.351470507681369781e-03
8.466846309602260590e-03
-1.056896522641181946e-03
-2.978965640068054199e-04
2.068288624286651611e-03
8.719954639673233032e-04
8.795913308858871460e-04
2.474375069141387939e-03
7.203435525298118591e-03
2.793537452816963196e-03
1.320500951260328293e-02
1.255918294191360474e-03
8.757188916206359863e-03
5.289801396429538727e-03
4.306295886635780334e-03
9.432357735931873322e-03
5.568896420300006866e-03
1.107905525714159012e-02
3.140321001410484314e-03
2.937927842140197754e-03
3.586297854781150818e-03
1.700500957667827606e-03
-3.475634381175041199e-03
-8.608978241682052612e-03
-6.612855941057205200e-03
-1.726510003209114075e-03
7.149493321776390076e-04
3.334563225507736206e-04
-4.044957458972930908e-03
6.930973380804061890e-03
1.663006842136383057e-04
-2.101443707942962646e-03
1.437441445887088776e-03
-6.145222112536430359e-03
-7.399545982480049133e-03
-4.301492124795913696e-03
-2.296697348356246948e-03
-8.793471381068229675e-03
-7.851546630263328552e-03
-2.130782231688499451e-03
-3.841796889901161194e-03
1.103043556213378906e-03
2.224200405180454254e-03
7.632922381162643433e-03
1.410767436027526855e-05
1.008205115795135498e-03
-6.207674741744995117e-04
-5.012976005673408508e-03
6.307246163487434387e-03
-2.377001568675041199e-03
8.640345185995101929e-03
3.355100750923156738e-03
3.989446908235549927e-03
2.593243494629859924e-03
-1.957923173904418945e-03
-2.888636663556098938e-04
3.350353799760341644e-03
-2.953176386654376984e-03
-1.232887990772724152e-02
-6.380428560078144073e-03
6.123597733676433563e-03
-1.980520784854888916e-03
9.419217705726623535e-03
-4.757394082844257355e-03
-8.980815298855304718e-03
-3.832647576928138733e-03
-5.917831324040889740e-03
-7.769677788019180298e-03
-1.072175428271293640e-02
-5.916385911405086517e-03
2.767723985016345978e-03
2.711297012865543365e-03
2.173005603253841400e-03
-5.288813263177871704e-04
5.117347463965415955e-04
5.006246268749237061e-03
1.979052089154720306e-03
2.541560679674148560e-03
4.056740552186965942e-03
5.429218523204326630e-03
5.244957283139228821e-04
1.017067302018404007e-02
6.933703087270259857e-03
6.107745692133903503e-03
3.549073822796344757e-03
7.831573486328125000e-03
7.376038469374179840e-03
1.207326073199510574e-02
1.050262246280908585e-02
1.201669964939355850e-02
1.881389692425727844e-02
1.761034503579139709e-02
2.307887747883796692e-02
2.809752523899078369e-02
3.138810768723487854e-02
2.064323797821998596e-02
3.108925744891166687e-02
2.398288249969482422e-02
3.207538276910781860e-02
2.691481821238994598e-02
2.388222143054008484e-02
1.380344480276107788e-02
1.174960937350988388e-02
5.931206978857517242e-03
3.357832320034503937e-03
2.984434366226196289e-03
-5.625276826322078705e-03
-3.409117460250854492e-03
-2.614664845168590546e-03
-4.205876961350440979e-03
-3.183619119226932526e-03
-1.046132855117321014e-02
-9.912917390465736389e-03
-1.257691346108913422e-02
-2.070792019367218018e-02
-1.784227043390274048e-02
-7.042413111776113510e-03
-6.700539961457252502e-05
-1.039860118180513382e-02
-6.364230066537857056e-04
2.537848427891731262e-02
7.159047573804855347e-02
1.047865301370620728e-01
2.794555621221661568e-03
1.547085642814636230e-01
1.280793398618698120e-01
2.332174181938171387e-01
1.053661704063415527e-01
6.463304162025451660e-02
3.159087151288986206e-02
9.097672067582607269e-03
7.089944556355476379e-03
3.553934162482619286e-03
-2.166435588151216507e-03
-4.430464003235101700e-03
-1.243586651980876923e-03
-7.353978231549263000e-03
-7.887526415288448334e-03
-2.712806686758995056e-03
1.240549609065055847e-04
-5.078473128378391266e-03
-6.995294243097305298e-04
4.345662891864776611e-04
3.041693009436130524e-03
6.883517373353242874e-03
1.469882205128669739e-03
6.841525435447692871e-03
3.661808557808399200e-03
-3.561591729521751404e-04
6.981362588703632355e-03
-1.817026175558567047e-03
-7.007187232375144958e-04
-2.440515905618667603e-03
-5.991901271045207977e-03
-1.274107955396175385e-03
6.118128076195716858e-03
1.801923848688602448e-03
5.268283188343048096e-03
4.690658301115036011e-03
6.621294189244508743e-03
1.055864524096250534e-02
1.440582424402236938e-02
1.307027041912078857e-02
1.583444885909557343e-02
1.351546403020620346e-02
1.804446056485176086e-02
1.692157611250877380e-02
2.062983065843582153e-02
2.034486830234527588e-02
2.106706053018569946e-02
2.794009074568748474e-02
1.751114986836910248e-02
2.009737119078636169e-02
1.693572476506233215e-02
1.994679681956768036e-02
2.855400741100311279e-02
2.509479969739913940e-02
2.995000407099723816e-02
2.803734131157398224e-02
2.690693363547325134e-02
2.061223797500133514e-02
4.191277921199798584e-02
2.074883505702018738e-02
3.580295294523239136e-02
4.581103101372718811e-02
6.767070293426513672e-02
7.287351042032241821e-02
4.965925961732864380e-02
5.622977018356323242e-02
5.636380985379219055e-02
5.950783565640449524e-02
7.641404867172241211e-02
8.492168784141540527e-02
6.060165166854858398e-02
6.636852771043777466e-02
7.024314999580383301e-02
8.466273546218872070e-02
5.745336785912513733e-02
6.820318847894668579e-02
3.743123635649681091e-02
5.037643760442733765e-02
3.404233232140541077e-02
3.107568062841892242e-02
3.086847253143787384e-02
3.143746778368949890e-02
2.045669779181480408e-02
2.426569536328315735e-02
1.828570291399955750e-02
1.899846456944942474e-02
2.661491557955741882e-02
2.567848749458789825e-02
2.033909596502780914e-02
1.209815591573715210e-02
1.670277491211891174e-02
1.962361112236976624e-02
1.729945652186870575e-02
9.863751009106636047e-03
2.564486488699913025e-02
9.287975728511810303e-03
2.275645732879638672e-02
-3.728926181793212891e-03
1.178702153265476227e-02
-2.768866717815399170e-03
2.086583524942398071e-03
-6.799958646297454834e-05
7.440535351634025574e-03
1.556531526148319244e-02
1.085958722978830338e-02
-6.050178781151771545e-03
2.917824313044548035e-03
1.369330007582902908e-02
-1.905433833599090576e-03
5.930168554186820984e-03
-5.469432100653648376e-03
5.769258365035057068e-03
-1.063154265284538269e-02
-7.117465138435363770e-03
-7.577581331133842468e-03
-1.569866389036178589e-02
-1.125079579651355743e-02
5.852947942912578583e-03
4.747319966554641724e-03
-9.632756933569908142e-03
5.963589996099472046e-03
3.584150224924087524e-03
-7.455503568053245544e-03
-6.635600700974464417e-03
6.556799635291099548e-03
6.882522255182266235e-03
6.110710091888904572e-03
1.354983821511268616e-02
-3.340795636177062988e-03
-4.628246650099754333e-03
-1.218369975686073303e-02
-7.494321092963218689e-03
8.014049381017684937e-04
3.914115019142627716e-03
1.652985811233520508e-03
7.209325209259986877e-03
4.053584299981594086e-03
-7.068475708365440369e-03
-1.111162826418876648e-03
4.291525110602378845e-03
1.404203474521636963e-03
4.469446837902069092e-03
-1.173019409179687500e-03
-2.981796860694885254e-04
6.547547876834869385e-03
-1.417864114046096802e-03
-2.360578626394271851e-03
1.794503442943096161e-02
-1.205239817500114441e-02
2.340137958526611328e-03
-2.948615700006484985e-03
4.910917952656745911e-03
-3.224100917577743530e-03
-6.289992481470108032e-03
-1.683853007853031158e-02
7.360372692346572876e-04
4.816196858882904053e-03
-9.716128930449485779e-03
-1.283334754407405853e-02
3.776967525482177734e-03
7.331376895308494568e-03
-1.241147518157958984e-03
-1.352300867438316345e-03
5.203765816986560822e-03
4.913171753287315369e-03
2.635208889842033386e-03
1.531608495861291885e-02
2.987062558531761169e-03
9.628141298890113831e-03
5.751200951635837555e-03
4.681854508817195892e-03
8.875111117959022522e-03
2.098498865962028503e-03
6.474708206951618195e-03
8.484516292810440063e-04
3.884024918079376221e-04
1.796696335077285767e-03
-3.134697675704956055e-03
-8.987102657556533813e-03
3.741047345101833344e-03
-1.196142286062240601e-03
3.540305420756340027e-03
-4.663623869419097900e-03
7.160045206546783447e-04
4.224540665745735168e-03
6.628502160310745239e-03
1.128320209681987762e-02
7.665435783565044403e-03
9.651566855609416962e-03
1.092985272407531738e-02
1.117917802184820175e-02
1.655094884335994720e-02
1.619705371558666229e-02
1.624908857047557831e-02
1.532014459371566772e-02
1.755420863628387451e-02
1.932676695287227631e-02
2.434965968132019043e-02
1.890514418482780457e-02
2.373731322586536407e-02
2.698300033807754517e-02
2.666226401925086975e-02
2.635319158434867859e-02
2.047006413340568542e-02
2.185125090181827545e-02
2.411803975701332092e-02
1.940142735838890076e-02
1.392472255975008011e-02
1.003666408360004425e-02
8.136700838804244995e-03
7.042662240564823151e-03
2.096045762300491333e-03
8.109402842819690704e-03
6.552211940288543701e-03
8.490618318319320679e-03
5.194172263145446777e-03
4.037684760987758636e-03
1.884605735540390015e-04
-3.065466880798339844e-03
5.752444267272949219e-04
8.061559870839118958e-03
-3.421995788812637329e-04
1.034273859113454819e-02
2.204977907240390778e-03
8.435252122581005096e-03
1.637872308492660522e-02
6.138775497674942017e-02
5.938767641782760620e-02
1.682723462581634521e-01
4.372610151767730713e-02
1.038556098937988281e-01
1.695523113012313843e-01
8.284875005483627319e-02
1.004781574010848999e-01
4.237561300396919250e-02
3.905094787478446960e-02
3.130840510129928589e-02
1.650446839630603790e-02
1.366095058619976044e-02
1.125029660761356354e-02
9.318435564637184143e-03
3.980661742389202118e-03
2.410073764622211456e-03
4.751147702336311340e-03
-5.473354831337928772e-03
-9.322520345449447632e-04
-7.455155253410339355e-03
3.364327363669872284e-03
3.243173472583293915e-03
6.416573189198970795e-03
-3.004554659128189087e-03
2.222293056547641754e-03
9.257256984710693359e-03
-5.480201914906501770e-03
1.045342534780502319e-03
-3.626814112067222595e-03
-1.813754439353942871e-03
-2.892989665269851685e-03
-1.578837633132934570e-03
-5.541387945413589478e-04
4.433389753103256226e-03
3.259487450122833252e-03
1.981537789106369019e-03
-2.781786024570465088e-03
2.380389720201492310e-03
6.285614334046840668e-03
9.431890211999416351e-03
1.490350626409053802e-02
1.447953749448060989e-02
1.295153703540563583e-02
1.409199461340904236e-02
1.435540057718753815e-02
1.498696021735668182e-02
2.251526713371276855e-02
2.074461802840232849e-02
2.705357596278190613e-02
2.582339383661746979e-02
2.217798680067062378e-02
2.150609716773033142e-02
3.110519051551818848e-02
2.957821451127529144e-02
3.753761202096939087e-02
5.745200067758560181e-02
5.592613667249679565e-02
3.300509601831436157e-02
6.990051269531250000e-02
4.659533873200416565e-02
4.557416588068008423e-02
6.473830342292785645e-02
5.379204452037811279e-02
7.518728822469711304e-02
6.608320027589797974e-02
2.935042977333068848e-02
6.017091870307922363e-02
6.101264059543609619e-02
3.356579318642616272e-02
7.093921303749084473e-02
9.122724831104278564e-02
4.046791419386863708e-02
5.087439343333244324e-02
9.182244539260864258e-02
5.733397230505943298e-02
5.634273588657379150e-02
4.711259156465530396e-02
3.675167262554168701e-02
2.762453258037567139e-02
1.696833409368991852e-02
1.514030247926712036e-02
8.781811222434043884e-03
-4.622805863618850708e-04
4.030194133520126343e-03
4.375280812382698059e-03
3.456953912973403931e-03
-1.036858372390270233e-02
6.873022764921188354e-03
5.948133766651153564e-03
-2.895466983318328857e-03
8.992429822683334351e-03
-4.133274778723716736e-03
1.336671411991119385e-03
9.556673467159271240e-05
5.670830607414245605e-03
-3.664940595626831055e-05
9.715199470520019531e-03
-2.005501277744770050e-02
-2.475973218679428101e-02
6.194829940795898438e-03
3.338450565934181213e-03
-3.065893426537513733e-03
7.948931306600570679e-03
1.179972104728221893e-02
1.427418179810047150e-02
7.829217240214347839e-03
1.279234699904918671e-02
1.478734705597162247e-02
1.809830218553543091e-02
1.458159275352954865e-02
1.472336798906326294e-02
1.624374464154243469e-02
7.717015221714973450e-03
6.039628759026527405e-03
7.218506187200546265e-03
1.363445818424224854e-02
9.772935882210731506e-03
2.837745472788810730e-03
1.052394509315490723e-06
3.966856747865676880e-03
-6.173890084028244019e-03
7.776860147714614868e-04
-2.274546772241592407e-03
2.183621749281883240e-03
1.397436484694480896e-03
4.476993344724178314e-03
2.233937382698059082e-03
2.533429302275180817e-03
-1.824649423360824585e-02
-8.223520591855049133e-03
-9.073130786418914795e-04
-1.123563945293426514e-02
3.464643843472003937e-03
9.129192680120468140e-03
-1.691574789583683014e-02
-1.647019758820533752e-02
-1.369967032223939896e-02
-1.766850799322128296e-02
-1.884640753269195557e-02
-2.404471859335899353e-03
-1.815132424235343933e-02
-1.803994923830032349e-02
-1.305259205400943756e-02
-7.311073131859302521e-03
-1.663631759583950043e-03
-5.766280926764011383e-03
-1.166423875838518143e-02
-9.981971234083175659e-03
-1.875539496541023254e-02
-9.304893203079700470e-03
-1.346808299422264099e-02
1.096964813768863678e-03
-1.958757266402244568e-02
-1.466768886893987656e-02
-1.131986919790506363e-02
-1.075815316289663315e-02
-1.645222678780555725e-02
-2.075446024537086487e-02
-1.274540089070796967e-02
7.111156359314918518e-03
-6.569005548954010010e-03
7.947739213705062866e-04
-1.491050142794847488e-02
-3.885065205395221710e-03
-7.500156760215759277e-03
-7.648291066288948059e-04
-1.459840591996908188e-02
-1.498299930244684219e-02
2.684091217815876007e-03
-1.066255848854780197e-02
-1.063267420977354050e-02
-3.927175886929035187e-03
-4.341865889728069305e-03
-9.254019707441329956e-03
-9.455797262489795685e-03
-1.228384487330913544e-02
-8.632130920886993408e-04
6.426083389669656754e-03
-9.036886505782604218e-03
-3.687642514705657959e-03
-1.552161760628223419e-03
-4.149400629103183746e-03
-3.718218766152858734e-03
-3.588643856346607208e-03
-7.606241852045059204e-04
-5.404883995652198792e-03
1.817145384848117828e-03
2.168634906411170959e-03
-6.694887764751911163e-03
-1.421854645013809204e-02
-8.637514896690845490e-03
-1.012476719915866852e-02
-6.029711104929447174e-03
7.442506030201911926e-04
4.472444765269756317e-03
8.327470161020755768e-03
1.245301030576229095e-02
1.180093362927436829e-02
2.055466547608375549e-02
2.326665073633193970e-02
1.991802826523780823e-02
1.823260262608528137e-02
1.713798567652702332e-02
1.547695603221654892e-02
1.466785557568073273e-02
1.627684384584426880e-02
1.948793604969978333e-02
1.578371599316596985e-02
1.075768470764160156e-02
4.326387774199247360e-03
1.236796379089355469e-04
-5.202353931963443756e-03
-6.178524345159530640e-03
-1.158874481916427612e-02
-4.801779985427856445e-03
-2.182508818805217743e-02
-1.150188688188791275e-02
-2.191378921270370483e-02
-2.022292837500572205e-02
-2.187063917517662048e-03
-2.335821278393268585e-02
-1.517289970070123672e-02
-1.638064533472061157e-02
-1.368696615099906921e-02
-1.711906120181083679e-02
-1.338266674429178238e-02
-6.122347898781299591e-03
6.580733228474855423e-03
1.558098569512367249e-02
