-4.824042320251464844e-02
-9.165447205305099487e-03
2.586504630744457245e-02
3.512929007411003113e-02
2.556076273322105408e-02
2.335555478930473328e-02
3.042816743254661560e-02
3.695894777774810791e-02
6.610172986984252930e-02
1.045076176524162292e-01
1.271495819091796875e-01
1.669321060180664062e-01
1.918816566467285156e-01
2.472001612186431885e-01
3.043879270553588867e-01
3.863210380077362061e-01
4.594254493713378906e-01
5.522850751876831055e-01
6.317301988601684570e-01
7.039635777473449707e-01
7.803454995155334473e-01
8.458286523818969727e-01
8.940938115119934082e-01
9.236963987350463867e-01
9.410399794578552246e-01
9.597811102867126465e-01
9.552316069602966309e-01
9.420654177665710449e-01
9.290275573730468750e-01
9.270876049995422363e-01
9.186486005783081055e-01
8.924502134323120117e-01
8.740580081939697266e-01
8.390790224075317383e-01
8.173368573188781738e-01
7.848430275917053223e-01
7.713753581047058105e-01
7.521297335624694824e-01
7.291257977485656738e-01
7.204542756080627441e-01
7.058724164962768555e-01
7.072795629501342773e-01
6.958446502685546875e-01
7.028635144233703613e-01
7.011249065399169922e-01
6.996448040008544922e-01
6.975221633911132812e-01
7.074079513549804688e-01
7.074956297874450684e-01
7.121497988700866699e-01
7.237199544906616211e-01
7.239710688591003418e-01
7.427240610122680664e-01
7.368974685668945312e-01
7.495099306106567383e-01
7.492096424102783203e-01
7.486751675605773926e-01
7.527858018875122070e-01
7.602362036705017090e-01
7.616496086120605469e-01
7.467397451400756836e-01
7.455293536186218262e-01
7.326934933662414551e-01
7.337256669998168945e-01
7.240485548973083496e-01
7.272492051124572754e-01
7.079978585243225098e-01
6.895236968994140625e-01
6.757500767707824707e-01
6.596247553825378418e-01
6.252288222312927246e-01
5.927593111991882324e-01
5.617365241050720215e-01
5.332927703857421875e-01
4.706669449806213379e-01
4.111105501651763916e-01
3.316178917884826660e-01
2.307631969451904297e-01
1.538501828908920288e-01
9.615056961774826050e-02
3.244673088192939758e-02
-8.184161037206649780e-03
-5.401897802948951721e-02
-9.428337216377258301e-02
-1.184473261237144470e-01
-1.623970568180084229e-01
-1.831030398607254028e-01
-1.961210519075393677e-01
-2.019103616476058960e-01
-1.948281377553939819e-01
-2.003306895494461060e-01
-2.221344709396362305e-01
-2.229828387498855591e-01
-2.324642688035964966e-01
-2.332419455051422119e-01
-2.405040264129638672e-01
-2.483011484146118164e-01
-2.507218420505523682e-01
-2.608870565891265869e-01
-2.518032193183898926e-01
-2.465235143899917603e-01
-2.325847297906875610e-01
-2.239183187484741211e-01
-2.296159863471984863e-01
-2.145477384328842163e-01
-2.159871459007263184e-01
-2.057676315307617188e-01
-2.033933103084564209e-01
-1.996819674968719482e-01
-2.082200050354003906e-01
-2.134804874658584595e-01
-2.138645201921463013e-01
-2.222317457199096680e-01
-2.282540649175643921e-01
-2.312329858541488647e-01
-2.414790838956832886e-01
-2.491450011730194092e-01
-2.448148876428604126e-01
-2.506234347820281982e-01
-2.525899708271026611e-01
-2.555315494537353516e-01
-2.650395631790161133e-01
-2.630125284194946289e-01
-2.700591087341308594e-01
-2.743320763111114502e-01
-2.819165587425231934e-01
-2.853371798992156982e-01
-3.006938993930816650e-01
-2.963010072708129883e-01
-2.997635006904602051e-01
-3.056201338768005371e-01
-3.190781474113464355e-01
-3.159912228584289551e-01
-3.188275992870330811e-01
-3.204021751880645752e-01
-3.289611637592315674e-01
-3.344603180885314941e-01
-3.380359113216400146e-01
-3.389883637428283691e-01
-3.412252366542816162e-01
-3.362588584423065186e-01
-3.348081409931182861e-01
-3.406053781509399414e-01
-3.320158720016479492e-01
-3.371524810791015625e-01
-3.314406573772430420e-01
-3.354540467262268066e-01
-3.301624357700347900e-01
-3.396908044815063477e-01
-3.418485224246978760e-01
-3.259432017803192139e-01
-3.404543399810791016e-01
-3.342849910259246826e-01
-3.427647650241851807e-01
-3.330893516540527344e-01
-3.407642841339111328e-01
-3.188394904136657715e-01
-3.330508768558502197e-01
-3.314423561096191406e-01
-3.266716599464416504e-01
-3.352945446968078613e-01
-3.403763175010681152e-01
-3.350671827793121338e-01
-3.378543853759765625e-01
-3.459444642066955566e-01
-3.527846336364746094e-01
-3.408446013927459717e-01
-3.549168705940246582e-01
-3.586344420909881592e-01
-3.579252064228057861e-01
-3.552245497703552246e-01
-3.559360504150390625e-01
-3.648236095905303955e-01
-3.642241060733795166e-01
-3.629871606826782227e-01
-3.566175699234008789e-01
-3.749051392078399658e-01
-3.713996410369873047e-01
-3.720279932022094727e-01
-3.606976866722106934e-01
-3.606298267841339111e-01
-3.645312190055847168e-01
-3.517258465290069580e-01
-3.633333146572113037e-01
-3.620663881301879883e-01
-3.595795333385467529e-01
-3.605478107929229736e-01
-3.714652657508850098e-01
-3.672324419021606445e-01
-3.773739039897918701e-01
-3.758468329906463623e-01
-3.857190608978271484e-01
-3.971495032310485840e-01
-4.108190536499023438e-01
-4.105622768402099609e-01
-4.246679246425628662e-01
-4.414464831352233887e-01
-4.599387943744659424e-01
-4.662806689739227295e-01
-4.754549860954284668e-01
-4.777376651763916016e-01
-4.796606600284576416e-01
-4.954398274421691895e-01
-5.041034221649169922e-01
-5.036396384239196777e-01
-5.058488249778747559e-01
-5.078458786010742188e-01
-5.027906894683837891e-01
-4.999254643917083740e-01
-4.892902672290802002e-01
-4.705129265785217285e-01
-4.599800705909729004e-01
-4.461091458797454834e-01
-4.389228522777557373e-01
-4.207982122898101807e-01
-4.052175283432006836e-01
-4.053108394145965576e-01
-4.014694094657897949e-01
-3.946343362331390381e-01
-4.075318872928619385e-01
-3.982540667057037354e-01
-3.954979777336120605e-01
-4.073152840137481689e-01
-4.160563647747039795e-01
-4.490603506565093994e-01
-4.680158793926239014e-01
-4.716056287288665771e-01
-4.449593126773834229e-01
-4.256395995616912842e-01
-3.897019028663635254e-01
-3.301341533660888672e-01
-2.951766252517700195e-01
-2.780915200710296631e-01
-2.886271774768829346e-01
-2.815212011337280273e-01
-2.766215801239013672e-01
-2.684336304664611816e-01
-2.237265855073928833e-01
-1.978070586919784546e-01
-1.459810286760330200e-01
-1.101575791835784912e-01
-7.112389802932739258e-02
-3.738632425665855408e-02
2.390530146658420563e-02
9.994053840637207031e-02
1.829132139682769775e-01
2.555300593376159668e-01
3.379920125007629395e-01
4.137642383575439453e-01
4.929848611354827881e-01
5.685110688209533691e-01
6.196402907371520996e-01
6.626302599906921387e-01
6.913375258445739746e-01
7.093281149864196777e-01
7.032288908958435059e-01
6.979961395263671875e-01
6.876317858695983887e-01
6.689935922622680664e-01
6.356417536735534668e-01
6.283451914787292480e-01
6.031993627548217773e-01
5.850198268890380859e-01
5.585839748382568359e-01
5.305129289627075195e-01
5.218906402587890625e-01
4.900127053260803223e-01
4.772045314311981201e-01
4.726476371288299561e-01
4.520994424819946289e-01
4.511752724647521973e-01
4.372308552265167236e-01
4.458384513854980469e-01
4.369395673274993896e-01
4.461970329284667969e-01
4.378439188003540039e-01
4.414744079113006592e-01
4.590996503829956055e-01
4.588920772075653076e-01
4.666897654533386230e-01
4.727765917778015137e-01
4.801257550716400146e-01
4.904148280620574951e-01
5.010885000228881836e-01
5.089908242225646973e-01
5.199099779129028320e-01
5.199116468429565430e-01
5.106989145278930664e-01
5.183410644531250000e-01
5.044254660606384277e-01
5.075972676277160645e-01
4.919300377368927002e-01
4.749597311019897461e-01
4.712534546852111816e-01
4.754150211811065674e-01
4.562423229217529297e-01
4.520949125289916992e-01
4.459532499313354492e-01
4.156487882137298584e-01
4.078103601932525635e-01
3.714908957481384277e-01
3.365667462348937988e-01
3.104809522628784180e-01
2.571334838867187500e-01
1.973644047975540161e-01
1.207437962293624878e-01
3.030656650662422180e-02
-3.868773207068443298e-02
-1.148886829614639282e-01
-1.613682657480239868e-01
-1.948909163475036621e-01
-2.319162189960479736e-01
-2.687956094741821289e-01
-2.799109816551208496e-01
-3.077410459518432617e-01
-3.361559212207794189e-01
-3.476061522960662842e-01
-3.506286144256591797e-01
-3.603453338146209717e-01
-3.546476364135742188e-01
-3.580275774002075195e-01
-3.627071976661682129e-01
-3.659909665584564209e-01
-3.629317283630371094e-01
-3.685270547866821289e-01
-3.824386894702911377e-01
-3.766471147537231445e-01
-3.763541579246520996e-01
-3.711841702461242676e-01
-3.461825847625732422e-01
-3.360976576805114746e-01
-3.173305094242095947e-01
-3.095571398735046387e-01
-2.850843667984008789e-01
-2.807938754558563232e-01
-2.756131291389465332e-01
-2.681140601634979248e-01
-2.713282704353332520e-01
-2.635068297386169434e-01
-2.620759010314941406e-01
-2.782996594905853271e-01
-2.726444005966186523e-01
-2.902758717536926270e-01
-2.785089015960693359e-01
-2.928141951560974121e-01
-2.931371331214904785e-01
-3.053831458091735840e-01
-3.070510327816009521e-01
-3.054719269275665283e-01
-3.065997064113616943e-01
-3.088739216327667236e-01
-2.987663745880126953e-01
-3.085645437240600586e-01
-3.050347268581390381e-01
-3.144703507423400879e-01
-3.103410303592681885e-01
-3.282275795936584473e-01
-3.296862244606018066e-01
-3.376241922378540039e-01
-3.331374228000640869e-01
-3.333280086517333984e-01
-3.449609279632568359e-01
-3.464048504829406738e-01
-3.495828509330749512e-01
-3.523383736610412598e-01
-3.555214703083038330e-01
-3.668749928474426270e-01
-3.688862025737762451e-01
-3.781232833862304688e-01
-3.657856583595275879e-01
-3.711915016174316406e-01
-3.666583597660064697e-01
-3.756251037120819092e-01
-3.742999434471130371e-01
-3.652087748050689697e-01
-3.740482628345489502e-01
-3.797697126865386963e-01
-3.816559314727783203e-01
-3.801441192626953125e-01
-3.829708993434906006e-01
-3.852286934852600098e-01
-3.799003362655639648e-01
-3.902018666267395020e-01
-3.820455968379974365e-01
-3.886589705944061279e-01
-3.950715363025665283e-01
-3.943939805030822754e-01
-3.941366374492645264e-01
-4.014677107334136963e-01
-3.984118700027465820e-01
-3.936191201210021973e-01
-4.037769734859466553e-01
-4.137261509895324707e-01
-4.023262560367584229e-01
-4.107755124568939209e-01
-4.138177633285522461e-01
-4.107127189636230469e-01
-4.143194556236267090e-01
-4.295760393142700195e-01
-4.247804582118988037e-01
-4.331589937210083008e-01
-4.291852116584777832e-01
-4.377639889717102051e-01
-4.364784061908721924e-01
-4.387283027172088623e-01
-4.365281760692596436e-01
-4.393266737461090088e-01
-4.338789880275726318e-01
-4.320544302463531494e-01
-4.379511773586273193e-01
-4.449542462825775146e-01
-4.470598995685577393e-01
-4.422128498554229736e-01
-4.368358552455902100e-01
-4.364908635616302490e-01
-4.388600885868072510e-01
-4.443168342113494873e-01
-4.470282196998596191e-01
-4.444027841091156006e-01
-4.420658051967620850e-01
-4.481373429298400879e-01
-4.444989264011383057e-01
-4.582635164260864258e-01
-4.692318737506866455e-01
-4.771941304206848145e-01
-4.770979881286621094e-01
-5.018557906150817871e-01
-5.165445804595947266e-01
-5.190353989601135254e-01
-5.379083156585693359e-01
-5.560618042945861816e-01
-5.586346387863159180e-01
-5.658186674118041992e-01
-5.738923549652099609e-01
-5.831809639930725098e-01
-5.921335220336914062e-01
-5.793479681015014648e-01
-5.778090357780456543e-01
-5.776370763778686523e-01
-5.699180364608764648e-01
-5.576494336128234863e-01
-5.629630684852600098e-01
-5.421909093856811523e-01
-5.359610319137573242e-01
-5.263189673423767090e-01
-5.203322768211364746e-01
-5.136713981628417969e-01
-5.113666653633117676e-01
-5.111189484596252441e-01
-5.082762837409973145e-01
-4.988259673118591309e-01
-5.120911598205566406e-01
-5.158573985099792480e-01
-5.363919734954833984e-01
-5.578513145446777344e-01
-5.722516179084777832e-01
-5.976830124855041504e-01
-5.908813476562500000e-01
-5.532978177070617676e-01
-5.055168271064758301e-01
-4.621643424034118652e-01
-4.307326674461364746e-01
-4.190686345100402832e-01
-4.078627526760101318e-01
-3.978061378002166748e-01
-4.004892706871032715e-01
-3.835704028606414795e-01
-3.597831428050994873e-01
-3.255891501903533936e-01
-2.699403464794158936e-01
-2.426085621118545532e-01
-2.076334953308105469e-01
-1.679216623306274414e-01
-1.114346683025360107e-01
-4.992020130157470703e-02
2.413605898618698120e-02
1.164889186620712280e-01
1.828821003437042236e-01
2.495139539241790771e-01
3.391893506050109863e-01
4.169897735118865967e-01
4.739439487457275391e-01
5.236694216728210449e-01
5.499067902565002441e-01
5.596229434013366699e-01
5.666372776031494141e-01
5.589182376861572266e-01
5.511273145675659180e-01
5.460444092750549316e-01
5.228407979011535645e-01
4.892746210098266602e-01
4.664352536201477051e-01
4.517470896244049072e-01
4.437633156776428223e-01
3.998000025749206543e-01
3.713331222534179688e-01
3.538153171539306641e-01
3.357206284999847412e-01
3.152442872524261475e-01
3.018682599067687988e-01
2.933997809886932373e-01
2.894452214241027832e-01
2.925994694232940674e-01
2.974171042442321777e-01
2.982977330684661865e-01
2.971450686454772949e-01
2.990793585777282715e-01
3.182729780673980713e-01
3.233852684497833252e-01
3.200115859508514404e-01
3.382957279682159424e-01
3.480820059776306152e-01
3.544600903987884521e-01
3.648085594177246094e-01
3.743533194065093994e-01
3.935706913471221924e-01
3.969047963619232178e-01
3.939360678195953369e-01
4.077170491218566895e-01
4.181684553623199463e-01
4.046561121940612793e-01
4.005171656608581543e-01
4.088617861270904541e-01
4.106388390064239502e-01
4.033218920230865479e-01
3.933207094669342041e-01
3.856870234012603760e-01
3.804599046707153320e-01
3.574638962745666504e-01
3.383087515830993652e-01
3.103022277355194092e-01
2.814931273460388184e-01
2.516467571258544922e-01
1.931700557470321655e-01
1.362729966640472412e-01
5.840301513671875000e-02
-2.163824066519737244e-02
-1.133525595068931580e-01
-1.829282790422439575e-01
-2.375364154577255249e-01
-2.618977427482604980e-01
-2.881809473037719727e-01
-3.211340606212615967e-01
-3.618248999118804932e-01
-3.826191127300262451e-01
-4.160642623901367188e-01
-4.176988005638122559e-01
-4.212104976177215576e-01
-4.284454286098480225e-01
-4.263663589954376221e-01
-4.237307310104370117e-01
-4.376587867736816406e-01
-4.346623122692108154e-01
-4.449672400951385498e-01
-4.471436142921447754e-01
-4.680775105953216553e-01
-4.586927890777587891e-01
-4.577912688255310059e-01
-4.478822648525238037e-01
-4.368104040622711182e-01
-4.234722852706909180e-01
-4.135576188564300537e-01
-3.898670375347137451e-01
-3.848525881767272949e-01
-3.816214203834533691e-01
-3.701457381248474121e-01
-3.572023808956146240e-01
-3.658359944820404053e-01
-3.650430738925933838e-01
-3.678636252880096436e-01
-3.764768838882446289e-01
-3.749820590019226074e-01
-3.804851770401000977e-01
-3.873111903667449951e-01
-3.994938433170318604e-01
-4.157136082649230957e-01
-4.198310375213623047e-01
-4.186953604221343994e-01
-4.287978112697601318e-01
-4.340232312679290771e-01
-4.257911741733551025e-01
-4.283651411533355713e-01
-4.256503283977508545e-01
-4.288011789321899414e-01
-4.235655963420867920e-01
-4.292304813861846924e-01
-4.397355914115905762e-01
-4.367176592350006104e-01
-4.405064880847930908e-01
-4.497107863426208496e-01
-4.448026716709136963e-01
-4.585864841938018799e-01
-4.540561437606811523e-01
-4.578947722911834717e-01
-4.628340005874633789e-01
-4.685282707214355469e-01
-4.626705348491668701e-01
-4.724511504173278809e-01
-4.713573157787322998e-01
-4.717113971710205078e-01
-4.692420363426208496e-01
-4.649945199489593506e-01
-4.611751437187194824e-01
-4.563829600811004639e-01
-4.533406794071197510e-01
-4.509460031986236572e-01
-4.611836373805999756e-01
-4.597696661949157715e-01
-4.591820240020751953e-01
-4.598912596702575684e-01
-4.696091115474700928e-01
-4.630262851715087891e-01
-4.497662186622619629e-01
-4.610818326473236084e-01
-4.604184031486511230e-01
-4.566804468631744385e-01
-4.566742479801177979e-01
-4.731734097003936768e-01
-4.698862433433532715e-01
-4.647552967071533203e-01
-4.758412539958953857e-01
-4.732531607151031494e-01
-4.741569757461547852e-01
-4.731021523475646973e-01
-4.790464341640472412e-01
-4.789785444736480713e-01
-4.883807897567749023e-01
-4.745924472808837891e-01
-4.829263091087341309e-01
-4.715253114700317383e-01
-4.758548438549041748e-01
-4.775385856628417969e-01
-4.730614423751831055e-01
-4.831225872039794922e-01
-4.801679849624633789e-01
-4.886635839939117432e-01
-4.905611276626586914e-01
-4.783677160739898682e-01
-4.923856854438781738e-01
-4.917861819267272949e-01
-5.088016986846923828e-01
-4.946615993976593018e-01
-5.026600360870361328e-01
-4.965421557426452637e-01
-5.065971016883850098e-01
-5.014774203300476074e-01
-5.005210041999816895e-01
-5.163222551345825195e-01
-5.220889449119567871e-01
-5.255661606788635254e-01
-5.357936024665832520e-01
-5.479468107223510742e-01
-5.663972496986389160e-01
-5.637650489807128906e-01
-5.858963131904602051e-01
-5.906420946121215820e-01
-5.983911752700805664e-01
-6.203923225402832031e-01
-6.278331279754638672e-01
-6.416587829589843750e-01
-6.604655385017395020e-01
-6.639110445976257324e-01
-6.576834321022033691e-01
-6.667944192886352539e-01
-6.711341142654418945e-01
-6.735678315162658691e-01
-6.628924608230590820e-01
-6.642209887504577637e-01
-6.593309640884399414e-01
-6.524201035499572754e-01
-6.375634074211120605e-01
-6.281317472457885742e-01
-6.080303788185119629e-01
-6.007100343704223633e-01
-5.943443775177001953e-01
-5.946074128150939941e-01
-5.915939807891845703e-01
-5.827018618583679199e-01
-5.863442420959472656e-01
-5.808970928192138672e-01
-5.850417017936706543e-01
-5.979205965995788574e-01
-6.065236926078796387e-01
-6.286203861236572266e-01
-6.454606652259826660e-01
-6.763849854469299316e-01
-6.819859743118286133e-01
-6.663204431533813477e-01
-6.232926249504089355e-01
-5.728805661201477051e-01
-5.438678264617919922e-01
-5.154026150703430176e-01
-5.087502598762512207e-01
-5.215092301368713379e-01
-5.095850825309753418e-01
-5.000776052474975586e-01
-4.845224022865295410e-01
-4.535595774650573730e-01
-4.168594777584075928e-01
-3.723040223121643066e-01
-3.340796828269958496e-01
-2.975888550281524658e-01
-2.368073761463165283e-01
-1.760677546262741089e-01
-1.033807694911956787e-01
-2.188879437744617462e-02
7.402723282575607300e-02
1.423846930265426636e-01
2.248811423778533936e-01
3.105635046958923340e-01
3.644754290580749512e-01
4.090885818004608154e-01
4.684889018535614014e-01
4.714689552783966064e-01
4.817591607570648193e-01
4.729739725589752197e-01
4.713546931743621826e-01
4.481986165046691895e-01
4.425739049911499023e-01
4.209641218185424805e-01
4.053076505661010742e-01
3.736242949962615967e-01
3.603059351444244385e-01
3.362211883068084717e-01
3.087723255157470703e-01
2.881726622581481934e-01
2.728035151958465576e-01
2.479597330093383789e-01
2.409940212965011597e-01
2.318575978279113770e-01
2.194328755140304565e-01
2.267209738492965698e-01
2.095182240009307861e-01
2.142713665962219238e-01
2.180183529853820801e-01
2.124705612659454346e-01
2.228868901729583740e-01
2.336018532514572144e-01
2.435617744922637939e-01
2.483268082141876221e-01
2.391971647739410400e-01
2.514929473400115967e-01
2.548604011535644531e-01
2.763689458370208740e-01
2.738945186138153076e-01
2.840393781661987305e-01
2.926792204380035400e-01
2.943120598793029785e-01
2.975358963012695312e-01
2.939817607402801514e-01
3.037951886653900146e-01
3.034637570381164551e-01
3.013773262500762939e-01
2.986551821231842041e-01
2.942962348461151123e-01
2.799570262432098389e-01
2.732000052928924561e-01
2.668513357639312744e-01
2.453037649393081665e-01
2.232443392276763916e-01
1.982122212648391724e-01
1.671933978796005249e-01
1.306969225406646729e-01
9.636492282152175903e-02
1.602673530578613281e-02
-6.402583420276641846e-02
-1.621357649564743042e-01
-2.336090058088302612e-01
-2.931773066520690918e-01
-3.354302942752838135e-01
-3.782720267772674561e-01
-3.957015872001647949e-01
-4.195997416973114014e-01
-4.475983381271362305e-01
-4.810186028480529785e-01
-4.998655319213867188e-01
-4.995776414871215820e-01
-5.006844997406005859e-01
-4.919728040695190430e-01
-4.808574318885803223e-01
-4.973571598529815674e-01
-4.946265220642089844e-01
-5.051000118255615234e-01
-4.927640557289123535e-01
-4.958470463752746582e-01
-4.894768893718719482e-01
-4.895566403865814209e-01
-4.727746844291687012e-01
-4.675871431827545166e-01
-4.504234194755554199e-01
-4.434525966644287109e-01
-4.217551648616790771e-01
-4.083429276943206787e-01
-3.932481110095977783e-01
-3.882619142532348633e-01
-3.859961926937103271e-01
-3.798896074295043945e-01
-3.765232563018798828e-01
-3.702305853366851807e-01
-3.731942474842071533e-01
-3.840307891368865967e-01
-3.892115354537963867e-01
-3.900831043720245361e-01
-3.932356536388397217e-01
-4.073831439018249512e-01
-4.085844457149505615e-01
-4.136135876178741455e-01
-4.115769267082214355e-01
-4.195884168148040771e-01
-4.155863523483276367e-01
-4.198027849197387695e-01
-4.264919161796569824e-01
-4.319039881229400635e-01
-4.252860844135284424e-01
-4.350095987319946289e-01
-4.360429048538208008e-01
-4.421127438545227051e-01
-4.591475427150726318e-01
-4.547710418701171875e-01
-4.535341262817382812e-01
-4.561782181262969971e-01
-4.641744196414947510e-01
-4.699258506298065186e-01
-4.698732495307922363e-01
-4.731259047985076904e-01
-4.727147221565246582e-01
-4.791985750198364258e-01
-4.750115573406219482e-01
-4.731049835681915283e-01
-4.719342291355133057e-01
-4.706373512744903564e-01
-4.703924357891082764e-01
-4.668683111667633057e-01
-4.700576066970825195e-01
-4.603522121906280518e-01
-4.664593935012817383e-01
-4.505846202373504639e-01
-4.516167938709259033e-01
-4.558060765266418457e-01
-4.494257271289825439e-01
-4.485767781734466553e-01
-4.480830430984497070e-01
-4.517779946327209473e-01
-4.344128966331481934e-01
-4.465559720993041992e-01
-4.402417838573455811e-01
-4.518469870090484619e-01
-4.525907337665557861e-01
-4.501253664493560791e-01
-4.504024982452392578e-01
-4.509618580341339111e-01
-4.545747935771942139e-01
-4.545221924781799316e-01
-4.535895586013793945e-01
-4.735331237316131592e-01
-4.733142554759979248e-01
-4.670481681823730469e-01
-4.734946787357330322e-01
-4.733142554759979248e-01
-4.796696901321411133e-01
-4.854482412338256836e-01
-4.842413067817687988e-01
-4.864425361156463623e-01
-4.859261810779571533e-01
-4.820151627063751221e-01
-4.963487386703491211e-01
-4.914688766002655029e-01
-4.962288141250610352e-01
-4.850172698497772217e-01
-4.901018738746643066e-01
-4.933449327945709229e-01
-4.889520406723022461e-01
-4.812052547931671143e-01
-4.890725016593933105e-01
-4.817188084125518799e-01
-4.883525073528289795e-01
-4.946293532848358154e-01
-4.907901883125305176e-01
-4.937119781970977783e-01
-4.996025264263153076e-01
-5.122698545455932617e-01
-5.154784321784973145e-01
-5.331048369407653809e-01
-5.397374033927917480e-01
-5.561279654502868652e-01
-5.660590529441833496e-01
-5.837289690971374512e-01
-5.996817946434020996e-01
-6.119809746742248535e-01
-6.305756568908691406e-01
-6.389682888984680176e-01
-6.424681544303894043e-01
-6.544879078865051270e-01
-6.619671583175659180e-01
-6.590685844421386719e-01
-6.683582663536071777e-01
-6.584656238555908203e-01
-6.532735824584960938e-01
-6.492488980293273926e-01
-6.343039274215698242e-01
-6.163721680641174316e-01
-5.993571877479553223e-01
-5.976462960243225098e-01
-5.981835722923278809e-01
-5.947487950325012207e-01
-5.781715512275695801e-01
-5.791200399398803711e-01
-5.865439176559448242e-01
-5.853403210639953613e-01
-5.965060591697692871e-01
-6.035283207893371582e-01
-6.085818409919738770e-01
-6.319624185562133789e-01
-6.568967103958129883e-01
-6.747747659683227539e-01
-6.863997578620910645e-01
-6.722098588943481445e-01
-6.404818296432495117e-01
-5.888808965682983398e-01
-5.602827668190002441e-01
-5.371826887130737305e-01
-5.225425362586975098e-01
-5.127460956573486328e-01
-5.102479457855224609e-01
-4.966976940631866455e-01
-4.788546860218048096e-01
-4.468913674354553223e-01
-4.111974239349365234e-01
-3.778263628482818604e-01
-3.526369929313659668e-01
-3.180058002471923828e-01
-2.703136205673217773e-01
-2.049113363027572632e-01
-1.337406784296035767e-01
-6.255984306335449219e-02
2.317456901073455811e-02
1.012606099247932434e-01
1.773778498172760010e-01
2.421444207429885864e-01
3.100149035453796387e-01
3.541376888751983643e-01
3.966327607631683350e-01
4.149881601333618164e-01
4.181056618690490723e-01
4.130674600601196289e-01
3.976027369499206543e-01
3.947674632072448730e-01
3.739098906517028809e-01
3.423735797405242920e-01
3.337020576000213623e-01
3.034275472164154053e-01
2.793461680412292480e-01
2.486084550619125366e-01
2.373516708612442017e-01
1.946614980697631836e-01
1.951241344213485718e-01
1.893817782402038574e-01
1.608017534017562866e-01
1.529865264892578125e-01
1.509832441806793213e-01
1.483940035104751587e-01
1.528310030698776245e-01
1.626155823469161987e-01
1.557607203722000122e-01
1.485003381967544556e-01
1.706694811582565308e-01
1.597503423690795898e-01
1.707401722669601440e-01
1.854238361120223999e-01
1.949697285890579224e-01
2.084843367338180542e-01
2.185516953468322754e-01
2.309232503175735474e-01
2.488465756177902222e-01
2.500886023044586182e-01
2.543926835060119629e-01
2.566120326519012451e-01
2.641223967075347900e-01
2.687867581844329834e-01
2.644136548042297363e-01
2.542292177677154541e-01
2.504013478755950928e-01
2.470559328794479370e-01
2.499686926603317261e-01
2.383691519498825073e-01
2.282101511955261230e-01
2.140841633081436157e-01
1.968678236007690430e-01
1.712836921215057373e-01
1.593821495771408081e-01
1.240428388118743896e-01
1.016050502657890320e-01
5.103630200028419495e-02
-3.388585755601525307e-03
-7.504281401634216309e-02
-1.593683660030364990e-01
-2.273819446563720703e-01
-2.917226254940032959e-01
-3.469783365726470947e-01
-3.804976046085357666e-01
-4.052412807941436768e-01
-4.329361617565155029e-01
-4.509974718093872070e-01
-4.659124612808227539e-01
-4.857254028320312500e-01
-4.806634187698364258e-01
-4.932821393013000488e-01
-4.889944493770599365e-01
-4.834941625595092773e-01
-4.878310561180114746e-01
-4.892008900642395020e-01
-4.938997626304626465e-01
-4.982202351093292236e-01
-4.966134130954742432e-01
-5.121397972106933594e-01
-5.054896473884582520e-01
-5.055615305900573730e-01
-4.868989884853363037e-01
-4.769571721553802490e-01
-4.612175524234771729e-01
-4.509262144565582275e-01
-4.284544885158538818e-01
-4.163583815097808838e-01
-3.919274806976318359e-01
-3.966941833496093750e-01
-3.886618018150329590e-01
-3.819669783115386963e-01
-3.807515501976013184e-01
-3.777624368667602539e-01
-3.793155252933502197e-01
-3.780333697795867920e-01
-3.855703175067901611e-01
-3.858678042888641357e-01
-3.919523656368255615e-01
-3.939058780670166016e-01
-3.893173038959503174e-01
-3.993320763111114502e-01
-4.035185277462005615e-01
-4.018274247646331787e-01
-4.101561903953552246e-01
-4.091681241989135742e-01
-4.079125225543975830e-01
-4.138952493667602539e-01
-4.121883213520050049e-01
-4.126832187175750732e-01
-4.231340587139129639e-01
-4.116040766239166260e-01
-4.251028597354888916e-01
-4.255230724811553955e-01
-4.316833913326263428e-01
-4.416930973529815674e-01
-4.457618892192840576e-01
-4.503668546676635742e-01
-4.411026239395141602e-01
-4.580203294754028320e-01
-4.580825269222259521e-01
-4.553015828132629395e-01
-4.635749161243438721e-01
-4.765657782554626465e-01
-4.692454338073730469e-01
-4.611836373805999756e-01
-4.744131565093994141e-01
-4.724562466144561768e-01
-4.647270143032073975e-01
-4.688314497470855713e-01
-4.742938280105590820e-01
-4.737831056118011475e-01
-4.588189125061035156e-01
-4.622378647327423096e-01
-4.675928056240081787e-01
-4.523401856422424316e-01
-4.537846744060516357e-01
-4.560238122940063477e-01
-4.562098979949951172e-01
-4.535103738307952881e-01
-4.555985033512115479e-01
-4.542880356311798096e-01
-4.532275795936584473e-01
-4.552251994609832764e-01
-4.572330415248870850e-01
-4.483647048473358154e-01
-4.469750523567199707e-01
-4.513339996337890625e-01
-4.624980390071868896e-01
-4.604681730270385742e-01
-4.599795043468475342e-01
-4.645884335041046143e-01
-4.606480300426483154e-01
-4.693104922771453857e-01
-4.670622944831848145e-01
-4.680854380130767822e-01
-4.632745981216430664e-01
-4.670996367931365967e-01
-4.732175171375274658e-01
-4.749470949172973633e-01
-4.678699374198913574e-01
-4.768344163894653320e-01
-4.759606122970581055e-01
-4.721344411373138428e-01
-4.662286341190338135e-01
-4.624109566211700439e-01
-4.667868614196777344e-01
-4.682698249816894531e-01
-4.699196219444274902e-01
-4.771398305892944336e-01
-4.835987985134124756e-01
-4.769158661365509033e-01
-4.828867316246032715e-01
-4.948765039443969727e-01
-4.963481724262237549e-01
-5.213915705680847168e-01
-5.215426087379455566e-01
-5.354089736938476562e-01
-5.530608296394348145e-01
-5.550228357315063477e-01
-5.717233419418334961e-01
-5.774148106575012207e-01
-5.941340327262878418e-01
-5.973012447357177734e-01
-6.006987094879150391e-01
-6.106936931610107422e-01
-6.222106814384460449e-01
-6.176254749298095703e-01
-6.160859465599060059e-01
-6.185553073883056641e-01
-6.197735667228698730e-01
-5.991162061691284180e-01
-5.981196761131286621e-01
-5.911935567855834961e-01
-5.741350054740905762e-01
-5.755896568298339844e-01
-5.642588138580322266e-01
-5.542050004005432129e-01
-5.463897585868835449e-01
-5.441619753837585449e-01
-5.532033443450927734e-01
-5.535511970520019531e-01
-5.455221533775329590e-01
-5.501735210418701172e-01
-5.656620264053344727e-01
-5.914887785911560059e-01
-6.095885634422302246e-01
-6.386606097221374512e-01
-6.528567671775817871e-01
-6.492868065834045410e-01
-6.123599410057067871e-01
-5.762836337089538574e-01
-5.302729606628417969e-01
-5.031803846359252930e-01
-4.891731739044189453e-01
-4.751291871070861816e-01
-4.777190089225769043e-01
-4.625755250453948975e-01
-4.403051435947418213e-01
-4.132968783378601074e-01
-3.778167366981506348e-01
-3.283842504024505615e-01
-2.976052463054656982e-01
-2.633026540279388428e-01
-2.241796106100082397e-01
-1.688232123851776123e-01
-9.487836807966232300e-02
-2.242496609687805176e-02
6.074170023202896118e-02
1.280426383018493652e-01
2.095436751842498779e-01
2.766319513320922852e-01
3.382827341556549072e-01
3.905182480812072754e-01
4.203844070434570312e-01
4.447819292545318604e-01
4.463044703006744385e-01
4.513528645038604736e-01
4.427973031997680664e-01
4.296367764472961426e-01
4.000935554504394531e-01
3.828478157520294189e-01
3.555527925491333008e-01
3.366736471652984619e-01
3.208124339580535889e-01
2.898999452590942383e-01
2.645505368709564209e-01
2.408786416053771973e-01
2.183113247156143188e-01
2.070313543081283569e-01
1.949708610773086548e-01
1.959119886159896851e-01
1.854645460844039917e-01
1.928595453500747681e-01
1.808335632085800171e-01
1.867631226778030396e-01
1.899586766958236694e-01
1.902346760034561157e-01
1.996646374464035034e-01
1.907544434070587158e-01
1.923878490924835205e-01
2.099214792251586914e-01
2.214684188365936279e-01
2.310640811920166016e-01
2.414464950561523438e-01
2.572239935398101807e-01
2.692194283008575439e-01
2.688744068145751953e-01
2.790611386299133301e-01
2.793620228767395020e-01
2.802697718143463135e-01
2.790136337280273438e-01
2.832939624786376953e-01
2.845947742462158203e-01
2.782359421253204346e-01
2.697708606719970703e-01
2.682002484798431396e-01
2.548491060733795166e-01
2.447607964277267456e-01
2.327099293470382690e-01
2.112590819597244263e-01
2.097953557968139648e-01
1.779999881982803345e-01
1.628361493349075317e-01
1.171862855553627014e-01
1.021661013364791870e-01
2.653130143880844116e-02
-4.804981872439384460e-02
-1.275028735399246216e-01
-2.127910405397415161e-01
-2.634751498699188232e-01
-3.082348108291625977e-01
-3.507932126522064209e-01
-3.812051415443420410e-01
-3.913805484771728516e-01
-4.234649240970611572e-01
-4.438666105270385742e-01
-4.643378853797912598e-01
-4.782642126083374023e-01
-4.707131385803222656e-01
-4.799089431762695312e-01
-4.765063822269439697e-01
-4.746382832527160645e-01
-4.583721160888671875e-01
-4.720863699913024902e-01
-4.771460592746734619e-01
-4.733634591102600098e-01
-4.760103821754455566e-01
-4.796979725360870361e-01
-4.716802835464477539e-01
-4.636880159378051758e-01
-4.566233456134796143e-01
-4.334695041179656982e-01
-4.187581539154052734e-01
-4.104565083980560303e-01
-3.857778906822204590e-01
-3.825320005416870117e-01
-3.689167499542236328e-01
-3.611026406288146973e-01
-3.646923899650573730e-01
-3.660486638545989990e-01
-3.667341470718383789e-01
-3.672460019588470459e-01
-3.762890994548797607e-01
-3.806418180465698242e-01
-3.845449090003967285e-01
-3.813114762306213379e-01
-3.879893124103546143e-01
-3.825902640819549561e-01
-3.860804736614227295e-01
-3.876985907554626465e-01
-3.823244273662567139e-01
-3.823300898075103760e-01
-3.850432038307189941e-01
-3.931972086429595947e-01
-3.944544792175292969e-01
-4.007104039192199707e-01
-4.074662923812866211e-01
-4.071908593177795410e-01
-4.021475315093994141e-01
-4.144009053707122803e-01
-4.103762209415435791e-01
-4.204356670379638672e-01
-4.272463917732238770e-01
-4.247521758079528809e-01
-4.389873445034027100e-01
-4.362431168556213379e-01
-4.415024816989898682e-01
-4.370123147964477539e-01
-4.349094927310943604e-01
-4.342002570629119873e-01
-4.377385377883911133e-01
-4.400970041751861572e-01
-4.296693503856658936e-01
-4.383431375026702881e-01
-4.358924627304077148e-01
-4.358562827110290527e-01
-4.417869746685028076e-01
-4.371899068355560303e-01
-4.298712611198425293e-01
-4.306274652481079102e-01
-4.287876188755035400e-01
-4.248647391796112061e-01
-4.256497621536254883e-01
-4.226193726062774658e-01
-4.220181703567504883e-01
-4.257923066616058350e-01
-4.259828925132751465e-01
-4.242205321788787842e-01
-4.254750013351440430e-01
-4.342166483402252197e-01
-4.309351444244384766e-01
-4.421161413192749023e-01
-4.465955495834350586e-01
-4.454587399959564209e-01
-4.382272064685821533e-01
-4.532920420169830322e-01
-4.450362324714660645e-01
-4.488086700439453125e-01
-4.477351903915405273e-01
-4.608086347579956055e-01
-4.632847607135772705e-01
-4.687646925449371338e-01
-4.702227711677551270e-01
-4.761014282703399658e-01
-4.704167544841766357e-01
-4.734284877777099609e-01
-4.644289314746856689e-01
-4.674746096134185791e-01
-4.728442430496215820e-01
-4.696362614631652832e-01
-4.687975049018859863e-01
-4.765177071094512939e-01
-4.681244492530822754e-01
-4.676442742347717285e-01
-4.722792208194732666e-01
-4.684869945049285889e-01
-4.762292504310607910e-01
-4.786590039730072021e-01
-4.743532240390777588e-01
-4.810497164726257324e-01
-4.947175979614257812e-01
-5.088520646095275879e-01
-5.133337378501892090e-01
-5.261142253875732422e-01
-5.447953939437866211e-01
-5.547400712966918945e-01
-5.644267797470092773e-01
-5.909836888313293457e-01
-5.950140357017517090e-01
-6.111337542533874512e-01
-6.206270456314086914e-01
-6.245719790458679199e-01
-6.357744932174682617e-01
-6.363615393638610840e-01
-6.372619271278381348e-01
-6.333322525024414062e-01
-6.295366287231445312e-01
-6.273574829101562500e-01
-6.106563806533813477e-01
-6.035435795783996582e-01
-5.970020890235900879e-01
-5.844665169715881348e-01
-5.653243660926818848e-01
-5.618782639503479004e-01
-5.543090701103210449e-01
-5.399200916290283203e-01
-5.382052659988403320e-01
-5.251255631446838379e-01
-5.266735553741455078e-01
-5.335736870765686035e-01
-5.347563028335571289e-01
-5.537208914756774902e-01
-5.637164115905761719e-01
-5.774080157279968262e-01
-6.093295216560363770e-01
-6.312515139579772949e-01
-6.483207941055297852e-01
-6.148676872253417969e-01
-5.828568339347839355e-01
-5.297424197196960449e-01
-5.049308538436889648e-01
-4.824382364749908447e-01
-4.629097878932952881e-01
-4.560017585754394531e-01
-4.538978040218353271e-01
-4.454479813575744629e-01
-4.239173829555511475e-01
-3.759916126728057861e-01
-3.470484912395477295e-01
-3.139760494232177734e-01
-2.846692502498626709e-01
-2.401369661092758179e-01
-1.956397444009780884e-01
-1.303290873765945435e-01
-5.455854535102844238e-02
2.352918870747089386e-02
1.101764515042304993e-01
1.849413812160491943e-01
2.621598243713378906e-01
3.330482542514801025e-01
3.855558037757873535e-01
4.364090561866760254e-01
4.620480537414550781e-01
4.673718810081481934e-01
4.582586288452148438e-01
4.602449536323547363e-01
4.483490586280822754e-01
4.276968240737915039e-01
4.084177911281585693e-01
3.865076899528503418e-01
3.682727515697479248e-01
3.437716960906982422e-01
3.193068504333496094e-01
2.941248714923858643e-01
2.668513357639312744e-01
2.467612624168395996e-01
2.247154265642166138e-01
2.094955891370773315e-01
1.901368349790573120e-01
1.901311725378036499e-01
1.865057945251464844e-01
1.826264560222625732e-01
1.911950409412384033e-01
1.843056678771972656e-01
1.834154427051544189e-01
1.897957772016525269e-01
1.852253079414367676e-01
1.828809678554534912e-01
1.940495371818542480e-01
2.008704543113708496e-01
2.109429240226745605e-01
2.396270036697387695e-01
2.482736408710479736e-01
2.533548176288604736e-01
2.544017136096954346e-01
2.675237953662872314e-01
2.739748358726501465e-01
2.669853866100311279e-01
2.767806947231292725e-01
2.726157605648040771e-01
2.913308739662170410e-01
2.867796421051025391e-01
2.785322964191436768e-01
2.783309519290924072e-01
2.727475166320800781e-01
2.675809264183044434e-01
2.605643272399902344e-01
2.430131584405899048e-01
2.329689711332321167e-01
2.144936472177505493e-01
1.908522993326187134e-01
1.673302799463272095e-01
1.416935473680496216e-01
9.845475107431411743e-02
4.574414342641830444e-02
-3.032954968512058258e-02
-1.160283312201499939e-01
-1.961883604526519775e-01
-2.402308434247970581e-01
-2.898799479007720947e-01
-3.151303827762603760e-01
-3.353629708290100098e-01
-3.585332036018371582e-01
-3.792046904563903809e-01
-4.114938080310821533e-01
-4.264364838600158691e-01
-4.322156012058258057e-01
-4.283702075481414795e-01
-4.254772663116455078e-01
-4.171937406063079834e-01
-4.179221987724304199e-01
-4.118467271327972412e-01
-4.126809537410736084e-01
-4.208943545818328857e-01
-4.234632253646850586e-01
-4.200533330440521240e-01
-4.234971702098846436e-01
-4.160178899765014648e-01
-4.167299568653106689e-01
-4.055868387222290039e-01
-3.842445909976959229e-01
-3.725268542766571045e-01
-3.557708859443664551e-01
-3.443579971790313721e-01
-3.371106386184692383e-01
-3.280533850193023682e-01
-3.291738033294677734e-01
-3.310023248195648193e-01
-3.283435404300689697e-01
-3.204734623432159424e-01
-3.305945396423339844e-01
-3.376219272613525391e-01
-3.500873446464538574e-01
-3.640697002410888672e-01
-3.517626225948333740e-01
-3.615890443325042725e-01
-3.629164695739746094e-01
-3.581797182559967041e-01
-3.615641593933105469e-01
-3.740584552288055420e-01
-3.748887181282043457e-01
-3.661035299301147461e-01
-3.706762492656707764e-01
-3.794229924678802490e-01
-3.792290091514587402e-01
-3.785209059715270996e-01
-3.888099789619445801e-01
-3.849397003650665283e-01
-3.819420933723449707e-01
-3.940941989421844482e-01
-3.974350988864898682e-01
-4.024314582347869873e-01
-4.026673138141632080e-01
-4.070522785186767578e-01
-3.986550569534301758e-01
-4.025819003582000732e-01
-4.023223221302032471e-01
-4.096986353397369385e-01
-4.111052453517913818e-01
-4.107953011989593506e-01
-4.021000266075134277e-01
-4.034161567687988281e-01
-4.066060185432434082e-01
-4.012250900268554688e-01
-4.053108394145965576e-01
-4.052248895168304443e-01
-4.051637947559356689e-01
-3.983519077301025391e-01
-4.050365388393402100e-01
-4.056388735771179199e-01
-4.120859503746032715e-01
-4.079396724700927734e-01
-4.120887815952301025e-01
-4.112104475498199463e-01
-4.096268117427825928e-01
-4.161055684089660645e-01
-4.238059520721435547e-01
-4.152311682701110840e-01
-4.174341261386871338e-01
-4.171654582023620605e-01
-4.157973229885101318e-01
-4.271084070205688477e-01
-4.234123229980468750e-01
-4.397678375244140625e-01
-4.385461807250976562e-01
-4.376395642757415771e-01
-4.398990571498870850e-01
-4.487685263156890869e-01
-4.502283036708831787e-01
-4.475304484367370605e-01
-4.493556022644042969e-01
-4.424402117729187012e-01
-4.443117380142211914e-01
-4.565079510211944580e-01
-4.532847106456756592e-01
-4.554056227207183838e-01
-4.592906236648559570e-01
-4.623487293720245361e-01
-4.668654799461364746e-01
-4.748543202877044678e-01
-4.738215804100036621e-01
-4.689852893352508545e-01
-4.797121286392211914e-01
-4.697787761688232422e-01
-4.661364257335662842e-01
-4.632287621498107910e-01
-4.753899276256561279e-01
-4.732135832309722900e-01
-4.833934903144836426e-01
-4.746235609054565430e-01
-4.801979362964630127e-01
-4.960082471370697021e-01
-5.170903205871582031e-01
-5.200455188751220703e-01
-5.335600972175598145e-01
-5.490084290504455566e-01
-5.597810745239257812e-01
-5.702935457229614258e-01
-5.826419591903686523e-01
-5.868521332740783691e-01
-5.959908366203308105e-01
-6.002247929573059082e-01
-5.992044806480407715e-01
-6.046153903007507324e-01
-6.041029691696166992e-01
-5.996891856193542480e-01
-5.996783971786499023e-01
-5.885698199272155762e-01
-5.704881548881530762e-01
-5.586312413215637207e-01
-5.538085103034973145e-01
-5.450889468193054199e-01
-5.417010784149169922e-01
-5.270457267761230469e-01
-5.309652090072631836e-01
-5.312129259109497070e-01
-5.236963629722595215e-01
-5.281174778938293457e-01
-5.482844710350036621e-01
-5.501430034637451172e-01
-5.631824731826782227e-01
-5.865942239761352539e-01
-6.160395741462707520e-01
-6.436728239059448242e-01
-6.390311121940612793e-01
-6.286566257476806641e-01
-5.869494080543518066e-01
-5.306637883186340332e-01
-5.024892687797546387e-01
-4.763599038124084473e-01
-4.829783439636230469e-01
-4.792098701000213623e-01
-4.695429503917694092e-01
-4.565051198005676270e-01
-4.370462596416473389e-01
-3.983123302459716797e-01
-3.699873983860015869e-01
-3.242181837558746338e-01
-2.942886650562286377e-01
-2.583136558532714844e-01
-2.268129587173461914e-01
-1.598225235939025879e-01
-8.513620495796203613e-02
1.115148770622909069e-03
9.722630679607391357e-02
1.720302700996398926e-01
2.467177212238311768e-01
3.063583970069885254e-01
3.566059172153472900e-01
3.959110677242279053e-01
4.173964262008666992e-01
4.333424568176269531e-01
4.265905320644378662e-01
4.250148236751556396e-01
4.138422906398773193e-01
3.860586285591125488e-01
3.681726455688476562e-01
3.358987867832183838e-01
3.295246660709381104e-01
3.077847957611083984e-01
2.924495935440063477e-01
2.723878324031829834e-01
2.487939745187759399e-01
2.173628509044647217e-01
2.114304453134536743e-01
1.960160583257675171e-01
1.913256794214248657e-01
1.771527528762817383e-01
1.670107245445251465e-01
1.605998426675796509e-01
1.590297818183898926e-01
1.647964715957641602e-01
1.694647818803787231e-01
1.864181309938430786e-01
1.864124685525894165e-01
1.943436414003372192e-01
1.977614462375640869e-01
2.110130488872528076e-01
2.169346958398818970e-01
2.371582388877868652e-01
2.457596212625503540e-01
2.455967366695404053e-01
2.662744224071502686e-01
2.808116078376770020e-01
2.883004844188690186e-01
2.839545607566833496e-01
2.969555854797363281e-01
2.942153513431549072e-01
2.902195155620574951e-01
2.969029843807220459e-01
2.897189557552337646e-01
2.901601195335388184e-01
2.899972200393676758e-01
2.772060036659240723e-01
2.851083278656005859e-01
2.638452649116516113e-01
2.512661218643188477e-01
2.391722798347473145e-01
2.128370553255081177e-01
1.809975802898406982e-01
1.644706875085830688e-01
1.238991841673851013e-01
7.707289606332778931e-02
-4.256755113601684570e-03
-8.152552694082260132e-02
-1.516786962747573853e-01
-2.012967020273208618e-01
-2.345150709152221680e-01
-2.615125775337219238e-01
-2.748767435550689697e-01
-2.984445691108703613e-01
-3.236395716667175293e-01
-3.438642621040344238e-01
-3.537811934947967529e-01
-3.577951192855834961e-01
-3.470394313335418701e-01
-3.254584968090057373e-01
-3.240179717540740967e-01
-3.143216073513031006e-01
-3.237883448600769043e-01
-3.181319236755371094e-01
-3.286828696727752686e-01
-3.332358300685882568e-01
-3.283808529376983643e-01
-3.171195387840270996e-01
-3.053508996963500977e-01
-2.886514961719512939e-01
-2.788940668106079102e-01
-2.687927782535552979e-01
-2.637726664543151855e-01
-2.378734946250915527e-01
-2.340122610330581665e-01
-2.257304340600967407e-01
-2.167472839355468750e-01
-2.114817202091217041e-01
-2.085299342870712280e-01
-2.189236581325531006e-01
-2.209297716617584229e-01
-2.190503478050231934e-01
-2.210015952587127686e-01
-2.372762411832809448e-01
-2.263548374176025391e-01
-2.445948868989944458e-01
-2.315400987863540649e-01
-2.480930089950561523e-01
-2.479957342147827148e-01
-2.388870269060134888e-01
-2.470896691083908081e-01
-2.478243559598922729e-01
-2.365381568670272827e-01
-2.460625618696212769e-01
-2.374996542930603027e-01
-2.487338185310363770e-01
-2.526069283485412598e-01
-2.663324773311614990e-01
-2.716540396213531494e-01
-2.718209028244018555e-01
-2.811399996280670166e-01
-2.890163064002990723e-01
-2.805659472942352295e-01
-2.846964001655578613e-01
-3.006893694400787354e-01
-2.947733700275421143e-01
-2.961279451847076416e-01
-2.971776723861694336e-01
-2.963315546512603760e-01
-3.078575730323791504e-01
-3.042887449264526367e-01
-2.951240241527557373e-01
-3.059826493263244629e-01
-3.035291731357574463e-01
-3.094785213470458984e-01
-2.960668504238128662e-01
-2.953972220420837402e-01
-2.995384037494659424e-01
-2.979344129562377930e-01
-3.037203252315521240e-01
-2.981448173522949219e-01
-2.910082936286926270e-01
-2.957925498485565186e-01
-2.996504008769989014e-01
-2.986849546432495117e-01
-2.970012128353118896e-01
-3.023634850978851318e-01
-3.132452964782714844e-01
-3.149573206901550293e-01
-3.166263699531555176e-01
-3.220248520374298096e-01
-3.265280127525329590e-01
-3.331458866596221924e-01
-3.358934819698333740e-01
-3.408474326133728027e-01
-3.481293022632598877e-01
-3.415391445159912109e-01
-3.608945012092590332e-01
-3.512400090694427490e-01
-3.558353781700134277e-01
-3.591542243957519531e-01
-3.666091561317443848e-01
-3.683596253395080566e-01
-3.652545809745788574e-01
-3.809178471565246582e-01
-3.781080245971679688e-01
-3.692803978919982910e-01
-3.780316710472106934e-01
-3.730132579803466797e-01
-3.676051497459411621e-01
-3.683981001377105713e-01
-3.797685801982879639e-01
-3.794212937355041504e-01
-3.839403092861175537e-01
-3.808098137378692627e-01
-3.846291899681091309e-01
-3.838758170604705811e-01
-3.918527960777282715e-01
-4.000328183174133301e-01
-4.067660868167877197e-01
-4.180347621440887451e-01
-4.202410876750946045e-01
-4.359501600265502930e-01
-4.470717608928680420e-01
-4.505138993263244629e-01
-4.705366790294647217e-01
-4.737395644187927246e-01
-4.829913675785064697e-01
-4.936667382717132568e-01
-5.173193812370300293e-01
-5.203436017036437988e-01
-5.287526845932006836e-01
-5.374513268470764160e-01
-5.455318093299865723e-01
-5.565793514251708984e-01
-5.611249208450317383e-01
-5.634618997573852539e-01
-5.646501779556274414e-01
-5.523386001586914062e-01
-5.446444153785705566e-01
-5.430076122283935547e-01
-5.272227525711059570e-01
-5.249151587486267090e-01
-5.051327943801879883e-01
-5.088328123092651367e-01
-4.927357733249664307e-01
-4.858023226261138916e-01
-4.885114431381225586e-01
-4.895374178886413574e-01
-4.852107167243957520e-01
-4.859946072101593018e-01
-4.878864884376525879e-01
-5.102422833442687988e-01
-5.308322906494140625e-01
-5.593224167823791504e-01
-5.801194310188293457e-01
-6.006099581718444824e-01
-5.968618392944335938e-01
-5.504738688468933105e-01
-4.977004826068878174e-01
-4.727169871330261230e-01
-4.506875574588775635e-01
-4.281032681465148926e-01
-4.188537299633026123e-01
-4.135394990444183350e-01
-4.102206826210021973e-01
-3.931412100791931152e-01
-3.589901924133300781e-01
-3.281840384006500244e-01
-2.917424142360687256e-01
-2.628083527088165283e-01
-2.242474853992462158e-01
-1.844791024923324585e-01
-1.243412643671035767e-01
-4.472419247031211853e-02
4.531543329358100891e-02
1.189882308244705200e-01
1.947774291038513184e-01
2.810384035110473633e-01
3.425585329532623291e-01
3.917726874351501465e-01
4.274485111236572266e-01
4.570273756980895996e-01
4.731447696685791016e-01
4.638635516166687012e-01
4.547469317913055420e-01
4.241800308227539062e-01
4.266567230224609375e-01
3.935729563236236572e-01
3.756654858589172363e-01
3.530591428279876709e-01
3.274054229259490967e-01
3.113394975662231445e-01
2.771913111209869385e-01
2.574174106121063232e-01
2.447217702865600586e-01
2.113563567399978638e-01
1.982817798852920532e-01
1.890469491481781006e-01
1.855165809392929077e-01
1.840364485979080200e-01
1.818482130765914917e-01
1.817684620618820190e-01
1.852750778198242188e-01
1.913816779851913452e-01
2.023952752351760864e-01
1.966840177774429321e-01
2.053724974393844604e-01
1.996646374464035034e-01
2.162695825099945068e-01
2.309453189373016357e-01
2.375128567218780518e-01
2.539537847042083740e-01
2.669938504695892334e-01
2.728990912437438965e-01
2.738181650638580322e-01
2.776811122894287109e-01
2.829438447952270508e-01
2.865177690982818604e-01
2.876647710800170898e-01
2.872094810009002686e-01
2.849143445491790771e-01
2.717588841915130615e-01
2.750636041164398193e-01
2.579349279403686523e-01
2.565984427928924561e-01
2.507118582725524902e-01
2.278430908918380737e-01
2.198655456304550171e-01
2.072785049676895142e-01
1.802068948745727539e-01
1.472487002611160278e-01
1.224382817745208740e-01
9.058070927858352661e-02
3.509591892361640930e-02
-3.180628642439842224e-02
-1.001309305429458618e-01
-1.798373609781265259e-01
-2.326299846172332764e-01
-2.824962735176086426e-01
-3.180374801158905029e-01
-3.432296812534332275e-01
-3.660927712917327881e-01
-3.868485391139984131e-01
-4.169183075428009033e-01
-4.437648057937622070e-01
-4.531495273113250732e-01
-4.562455117702484131e-01
-4.478415250778198242e-01
-4.390976130962371826e-01
-4.386411905288696289e-01
-4.389364421367645264e-01
-4.457884728908538818e-01
-4.427773058414459229e-01
-4.478403925895690918e-01
-4.378844499588012695e-01
-4.421868324279785156e-01
-4.307586848735809326e-01
-4.178673624992370605e-01
-4.025298655033111572e-01
-3.827525973320007324e-01
-3.688347339630126953e-01
-3.620075881481170654e-01
-3.298423290252685547e-01
-3.311290144920349121e-01
-3.260698914527893066e-01
-3.133640885353088379e-01
-3.091222047805786133e-01
-3.082806169986724854e-01
-3.024081885814666748e-01
-3.074831366539001465e-01
-3.174034655094146729e-01
-3.197308480739593506e-01
-3.217544853687286377e-01
-3.324162960052490234e-01
-3.342171013355255127e-01
-3.340655267238616943e-01
-3.430826067924499512e-01
-3.407416641712188721e-01
-3.454665541648864746e-01
-3.499668836593627930e-01
-3.397626578807830811e-01
-3.487163782119750977e-01
-3.559767603874206543e-01
-3.579048514366149902e-01
-3.635883927345275879e-01
-3.669643402099609375e-01
-3.705122470855712891e-01
-3.772341907024383545e-01
-3.804054260253906250e-01
-3.779179751873016357e-01
-3.847309947013854980e-01
-3.869243264198303223e-01
-3.857179284095764160e-01
-3.953797817230224609e-01
-3.875097036361694336e-01
-3.968751728534698486e-01
-3.990470170974731445e-01
-3.945732712745666504e-01
-3.955013751983642578e-01
-4.091930091381072998e-01
-4.043097794055938721e-01
-3.993677198886871338e-01
-4.007844924926757812e-01
-4.096912741661071777e-01
-4.166428744792938232e-01
-4.065047800540924072e-01
-4.133901894092559814e-01
-4.124004244804382324e-01
-4.099350571632385254e-01
-4.111832976341247559e-01
-4.136950373649597168e-01
-4.057440757751464844e-01
-4.093621075153350830e-01
-4.118919670581817627e-01
-4.034857153892517090e-01
-4.072898328304290771e-01
-4.223280847072601318e-01
-4.134218692779541016e-01
-4.198581874370574951e-01
-4.207416474819183350e-01
-4.213241934776306152e-01
-4.259122014045715332e-01
-4.297429025173187256e-01
-4.435979723930358887e-01
-4.353167116641998291e-01
-4.310001730918884277e-01
-4.354037940502166748e-01
-4.421314001083374023e-01
-4.466577768325805664e-01
-4.461351633071899414e-01
-4.389618933200836182e-01
-4.487803876399993896e-01
-4.472165703773498535e-01
-4.500976502895355225e-01
-4.504629969596862793e-01
-4.422332048416137695e-01
-4.497520625591278076e-01
-4.560900032520294189e-01
-4.491819739341735840e-01
-4.659667611122131348e-01
-4.712001085281372070e-01
-4.554135501384735107e-01
-4.551126658916473389e-01
-4.558173716068267822e-01
-4.582567512989044189e-01
-4.625121951103210449e-01
-4.676646292209625244e-01
-4.649447500705718994e-01
-4.721791148185729980e-01
-4.845365285873413086e-01
-4.919100403785705566e-01
-4.937962591648101807e-01
-5.175281167030334473e-01
-5.310217738151550293e-01
-5.449011921882629395e-01
-5.635371208190917969e-01
-5.633708238601684570e-01
-5.817952752113342285e-01
-5.984658002853393555e-01
-6.048285961151123047e-01
-6.076401472091674805e-01
-6.097491979598999023e-01
-6.216478943824768066e-01
-6.189331412315368652e-01
-6.299008727073669434e-01
-6.165163516998291016e-01
-6.132246851921081543e-01
-6.025379896163940430e-01
-5.930701494216918945e-01
-5.908734202384948730e-01
-5.776212811470031738e-01
-5.750902891159057617e-01
-5.690962076187133789e-01
-5.600180625915527344e-01
