-1.177082397043704987e-02
-1.272371318191289902e-02
-4.389815963804721832e-03
-1.225779578089714050e-02
-1.491953246295452118e-02
-4.661252256482839584e-03
1.497641671448945999e-03
-4.608086310327053070e-03
-8.070921525359153748e-03
-7.768475450575351715e-03
-3.028716892004013062e-03
-3.807307220995426178e-03
-6.735426373779773712e-03
-6.967499852180480957e-03
-7.785142399370670319e-03
-6.464689038693904877e-03
-2.410402894020080566e-02
-7.260553538799285889e-04
-2.570481970906257629e-02
-3.305352851748466492e-02
-2.327700890600681305e-02
-1.324679050594568253e-02
-2.851402387022972107e-02
-1.869164034724235535e-02
-1.256072055548429489e-02
5.987877491861581802e-03
-1.651873812079429626e-03
2.665295265614986420e-03
-1.937979459762573242e-02
8.244626224040985107e-05
-4.921815358102321625e-03
-6.887936964631080627e-03
-8.454730734229087830e-03
-2.448912709951400757e-05
-2.826935611665248871e-03
-3.557685762643814087e-03
-5.977649241685867310e-03
-2.292067743837833405e-03
-1.698840409517288208e-03
1.228790637105703354e-02
-2.797553315758705139e-03
-4.225952550768852234e-03
-2.931672148406505585e-03
5.623577162623405457e-03
1.244872622191905975e-02
-5.582571029663085938e-04
-8.304193615913391113e-04
2.094069495797157288e-03
-6.153380498290061951e-03
-1.130880136042833328e-02
-7.004546932876110077e-03
-1.011628098785877228e-02
-1.106917578727006912e-02
-1.375158969312906265e-02
-6.615466438233852386e-03
1.547761261463165283e-03
-8.106545545160770416e-03
-4.532588645815849304e-03
-6.349811330437660217e-03
-6.108848378062248230e-03
-1.062911748886108398e-02
-9.127088822424411774e-03
-3.254602663218975067e-03
3.125052899122238159e-04
1.023679040372371674e-03
5.380540620535612106e-03
-4.004063084721565247e-04
2.384043298661708832e-03
8.521511219441890717e-03
9.910743683576583862e-03
8.457507006824016571e-03
1.523611973971128464e-02
1.221200264990329742e-02
8.487069047987461090e-03
1.833995804190635681e-02
1.534005440771579742e-02
5.469917319715023041e-03
1.369893457740545273e-02
1.788194850087165833e-02
1.732076890766620636e-02
2.133523859083652496e-02
1.931750215590000153e-02
1.697679981589317322e-02
1.284757349640130997e-02
1.282340846955776215e-02
1.329314522445201874e-02
1.307923719286918640e-02
1.563970744609832764e-02
1.441970095038414001e-02
1.089015044271945953e-02
7.255188189446926117e-03
8.391568437218666077e-03
1.239398308098316193e-02
3.631817642599344254e-03
-4.931036382913589478e-04
3.873635083436965942e-03
1.535546034574508667e-04
-3.368033096194267273e-03
3.309939522296190262e-03
3.599676769226789474e-03
5.938488058745861053e-03
-2.283153124153614044e-03
-3.210670780390501022e-03
7.007365580648183823e-03
1.155942399054765701e-02
1.264008600264787674e-02
1.940702274441719055e-02
2.870083227753639221e-02
5.716463178396224976e-02
1.067956238985061646e-01
2.180300503969192505e-01
2.802055478096008301e-01
1.132388934493064880e-01
1.082888171076774597e-01
5.035374313592910767e-02
1.460091117769479752e-02
1.075702998787164688e-02
2.469786442816257477e-03
1.014382578432559967e-04
-2.039107959717512131e-03
-5.369093269109725952e-03
7.526357658207416534e-04
7.101682014763355255e-03
6.055478006601333618e-03
-1.730152405798435211e-03
1.787153072655200958e-03
1.727212686091661453e-03
3.489810042083263397e-03
-1.203604042530059814e-04
3.559668548405170441e-03
1.268621999770402908e-03
8.907057344913482666e-04
-2.748086117208003998e-03
-2.943007275462150574e-04
4.355581477284431458e-04
1.176586840301752090e-03
2.668646164238452911e-03
2.438583876937627792e-03
6.692248396575450897e-03
3.634805325418710709e-03
6.218390539288520813e-03
5.894357338547706604e-03
6.126191001385450363e-03
7.016416639089584351e-03
7.244169712066650391e-03
7.830990478396415710e-03
8.517849259078502655e-03
9.048816747963428497e-03
7.047713734209537506e-03
9.548179805278778076e-03
1.033620722591876984e-02
1.059379801154136658e-02
1.139706466346979141e-02
1.019607577472925186e-02
1.144046336412429810e-02
1.152538321912288666e-02
1.130313705652952194e-02
1.234456710517406464e-02
1.388885639607906342e-02
1.488204859197139740e-02
1.554162800312042236e-02
1.512620411813259125e-02
1.993106678128242493e-02
2.009618841111660004e-02
2.633635327219963074e-02
2.602942287921905518e-02
1.731414347887039185e-02
2.612083405256271362e-02
2.745888940989971161e-02
3.543413430452346802e-02
3.197857365012168884e-02
4.260053485631942749e-02
3.410573303699493408e-02
3.943167626857757568e-02
3.568948805332183838e-02
4.877834767103195190e-02
5.478291958570480347e-02
5.661646649241447449e-02
5.238892883062362671e-02
5.081918463110923767e-02
5.461166054010391235e-02
4.616310074925422668e-02
5.762794613838195801e-02
5.892820283770561218e-02
5.804170668125152588e-02
4.681265726685523987e-02
4.475810378789901733e-02
5.701244994997978210e-02
5.175164341926574707e-02
4.718073084950447083e-02
4.986408725380897522e-02
3.411842137575149536e-02
3.312046453356742859e-02
2.041427791118621826e-02
2.142964117228984833e-02
2.709959261119365692e-02
3.829551488161087036e-02
2.936048246920108795e-02
7.961988449096679688e-03
2.889345958828926086e-02
4.332717508077621460e-03
1.006652787327766418e-02
1.241652294993400574e-02
1.994490250945091248e-02
1.126185990869998932e-02
1.149136200547218323e-02
-1.498293131589889526e-03
2.473855204880237579e-02
8.813679218292236328e-03
1.386187970638275146e-02
1.571342349052429199e-02
1.885822042822837830e-02
3.607596829533576965e-02
2.972469478845596313e-02
2.807473205029964447e-02
2.074018865823745728e-02
2.146784774959087372e-02
2.957466058433055878e-02
1.334051787853240967e-02
2.172717452049255371e-02
2.760357782244682312e-02
2.514583058655261993e-02
2.528454363346099854e-02
1.698266714811325073e-02
1.603450067341327667e-02
1.150007173418998718e-02
2.437985874712467194e-02
3.082375973463058472e-03
2.178631536662578583e-02
4.343956708908081055e-03
1.890749111771583557e-02
2.003606408834457397e-02
4.528068006038665771e-03
3.111215680837631226e-02
1.328028365969657898e-02
1.962842978537082672e-02
1.629061624407768250e-02
2.015344798564910889e-03
1.931926235556602478e-03
2.969114854931831360e-02
-2.747135236859321594e-03
-2.505239099264144897e-04
2.537040039896965027e-03
1.076389104127883911e-03
-1.598594710230827332e-03
-9.196398779749870300e-03
1.181045547127723694e-03
8.263485506176948547e-03
1.928397268056869507e-02
6.162244826555252075e-03
-5.504861474037170410e-03
3.925953060388565063e-03
6.869789212942123413e-04
9.887404739856719971e-04
1.992767676711082458e-02
1.644007861614227295e-04
4.085374996066093445e-03
1.619475521147251129e-02
-2.198647707700729370e-04
-3.887502476572990417e-03
1.085426844656467438e-02
1.238152384757995605e-03
1.935272663831710815e-02
1.056220009922981262e-02
1.226539723575115204e-02
9.845266118645668030e-03
2.304561808705329895e-02
1.555506326258182526e-02
2.011645026504993439e-02
9.275546297430992126e-03
7.597003132104873657e-03
1.260943245142698288e-02
7.694052532315254211e-03
-1.081569679081439972e-02
1.895026862621307373e-02
-3.086881712079048157e-03
-1.447341218590736389e-02
-6.738493219017982483e-03
-1.792176626622676849e-02
3.083440102636814117e-02
-2.861367538571357727e-03
1.893324777483940125e-03
1.137147657573223114e-02
5.411438643932342529e-03
2.629263326525688171e-03
-8.779624477028846741e-03
4.995668306946754456e-03
-9.794561192393302917e-03
6.105642765760421753e-03
9.668076410889625549e-03
3.281841054558753967e-03
8.292120881378650665e-03
6.093818694353103638e-03
1.320592220872640610e-02
1.841159537434577942e-02
1.967267878353595734e-02
2.465176396071910858e-02
2.293941192328929901e-02
2.426860295236110687e-02
2.610824815928936005e-02
2.356650307774543762e-02
2.236440405249595642e-02
1.680798083543777466e-02
1.978363469243049622e-02
1.357235293835401535e-02
1.914710737764835358e-02
1.494355686008930206e-02
1.529657281935214996e-02
1.471744570881128311e-02
1.885477453470230103e-02
2.213300578296184540e-02
2.369773760437965393e-02
2.607033960521221161e-02
2.791417762637138367e-02
1.679259166121482849e-02
2.585886791348457336e-02
2.481887489557266235e-02
2.280701324343681335e-02
2.229635976254940033e-02
1.547814346849918365e-02
1.590113900601863861e-02
1.058822125196456909e-02
5.145167931914329529e-03
2.775471657514572144e-03
7.637659087777137756e-03
5.535109899938106537e-03
1.639557816088199615e-02
3.763613291084766388e-03
-1.857835799455642700e-03
-1.895727589726448059e-03
-3.311591222882270813e-03
7.049300242215394974e-03
1.167481858283281326e-02
2.851006574928760529e-02
4.908934235572814941e-02
5.873992666602134705e-02
7.941085845232009888e-02
9.003648906946182251e-02
4.059869796037673950e-02
9.219580888748168945e-02
3.293672204017639160e-02
4.529429227113723755e-02
1.035871058702468872e-01
1.264531612396240234e-01
8.396007865667343140e-02
2.359063737094402313e-02
1.253844052553176880e-02
-1.073440536856651306e-02
-1.324007846415042877e-02
-5.051018670201301575e-03
-1.077840663492679596e-02
-1.954015716910362244e-02
-1.146045140922069550e-02
3.371257334947586060e-04
7.164140231907367706e-03
1.199808903038501740e-02
9.372929111123085022e-03
7.120035588741302490e-04
8.632808923721313477e-03
2.099215984344482422e-03
-5.107726901769638062e-03
1.708424836397171021e-02
-3.100359812378883362e-02
-4.731665551662445068e-02
-1.650328375399112701e-02
-1.603844203054904938e-02
-6.883032619953155518e-05
1.357584260404109955e-02
2.124704048037528992e-02
2.856713160872459412e-02
2.605870366096496582e-02
3.003011830151081085e-02
3.730604052543640137e-02
4.104958474636077881e-02
2.999923378229141235e-02
4.041270166635513306e-02
3.103414177894592285e-02
3.805050253868103027e-02
3.633481264114379883e-02
3.180303052067756653e-02
2.117399498820304871e-02
1.970135793089866638e-02
2.691764570772647858e-02
2.827021293342113495e-02
2.756957523524761200e-02
2.855898626148700714e-02
2.826131507754325867e-02
2.192394621670246124e-02
1.871865801513195038e-02
3.160564228892326355e-02
3.553846105933189392e-02
3.597565740346908569e-02
3.980210423469543457e-02
2.042498998343944550e-02
5.128649249672889709e-02
5.547231435775756836e-02
4.413330554962158203e-02
4.050701856613159180e-02
6.605357676744461060e-02
6.321135908365249634e-02
5.996870622038841248e-02
6.497823446989059448e-02
1.059828922152519226e-01
8.968859910964965820e-02
8.705346286296844482e-02
9.973140805959701538e-02
3.480923920869827271e-02
7.856187969446182251e-02
4.465841129422187805e-02
5.751895904541015625e-02
4.284329712390899658e-02
6.173118948936462402e-02
3.182043135166168213e-02
3.154891729354858398e-02
4.626169055700302124e-02
4.253342747688293457e-02
4.522710293531417847e-02
3.739883750677108765e-02
3.364039957523345947e-02
2.445267513394355774e-02
2.493748068809509277e-02
2.292153239250183105e-02
1.992386206984519958e-02
1.725229620933532715e-02
-6.754901260137557983e-04
1.328124199062585831e-02
-2.065282315015792847e-04
-7.971040904521942139e-04
6.347075104713439941e-04
-1.505074463784694672e-02
-1.044400781393051147e-02
-2.457528933882713318e-02
-1.335981115698814392e-02
1.884417794644832611e-02
5.182722583413124084e-03
6.034536287188529968e-03
-8.555781096220016479e-04
-1.417249068617820740e-02
-1.504413783550262451e-02
1.934719085693359375e-02
1.841545850038528442e-02
1.839142665266990662e-02
1.478557568043470383e-02
1.261661760509014130e-02
6.494276225566864014e-03
3.328315913677215576e-03
1.141461264342069626e-02
5.111843347549438477e-03
8.784905076026916504e-04
7.852070033550262451e-03
1.402612403035163879e-02
1.536030322313308716e-02
5.967319011688232422e-03
3.288011997938156128e-03
1.227752119302749634e-02
-3.582132980227470398e-03
-4.445835947990417480e-04
-2.954693511128425598e-03
-4.780979827046394348e-03
-4.902465268969535828e-03
-4.661342129111289978e-03
4.562998190522193909e-03
1.571358926594257355e-02
-4.666313529014587402e-03
8.432641625404357910e-03
1.490056794136762619e-02
1.429880224168300629e-02
2.256861142814159393e-02
1.878537237644195557e-02
1.699057966470718384e-02
2.427244931459426880e-02
1.317383907735347748e-02
1.198633760213851929e-02
6.751101464033126831e-03
6.183024495840072632e-03
3.891116008162498474e-03
6.532505154609680176e-03
2.026529610157012939e-02
-1.201581209897994995e-03
-4.116486757993698120e-03
-6.271023303270339966e-04
-7.918972522020339966e-03
-7.741909474134445190e-03
3.908584825694561005e-03
1.662626862525939941e-03
-2.123244106769561768e-02
1.026969775557518005e-02
2.407269552350044250e-03
2.345339395105838776e-03
9.214613586664199829e-03
-1.218607649207115173e-03
-3.685072064399719238e-03
7.780523970723152161e-03
8.499859832227230072e-03
1.187765970826148987e-03
1.804543286561965942e-02
7.094226777553558350e-03
-1.605963334441184998e-04
5.925758741796016693e-03
1.285451743751764297e-02
1.774244010448455811e-03
-5.289971828460693359e-03
-1.915709115564823151e-03
-5.600345320999622345e-03
1.061134226620197296e-02
3.952532075345516205e-03
-3.146634250879287720e-02
-1.236615795642137527e-02
-2.847838401794433594e-02
-1.366179808974266052e-02
9.090481325984001160e-03
5.090559832751750946e-03
-1.077212858945131302e-02
-6.870579905807971954e-03
-7.784794084727764130e-03
-3.257537260651588440e-03
-5.884122103452682495e-03
-6.596338003873825073e-03
-6.532445549964904785e-03
2.311480231583118439e-03
-9.209617972373962402e-03
-7.579250261187553406e-03
-3.125851042568683624e-03
-6.507700309157371521e-03
-5.778666585683822632e-03
8.659647777676582336e-03
1.142843812704086304e-02
-9.559625759720802307e-04
1.270179823040962219e-02
1.742637716233730316e-02
1.324109081178903580e-02
2.067368105053901672e-02
2.100618183612823486e-02
2.696161158382892609e-02
2.141539193689823151e-02
1.499660499393939972e-02
2.538219839334487915e-02
2.534646354615688324e-02
2.066338434815406799e-02
2.354385890066623688e-02
2.168625220656394958e-02
2.131705917418003082e-02
2.001377195119857788e-02
2.228842303156852722e-02
2.269094437360763550e-02
2.381458505988121033e-02
1.525423675775527954e-02
1.692579314112663269e-02
1.119306124746799469e-02
1.518295798450708389e-02
9.716200642287731171e-03
1.378034427762031555e-02
5.590518470853567123e-03
4.453675355762243271e-03
-2.907418645918369293e-03
8.156802505254745483e-04
-9.797522798180580139e-04
-1.154718920588493347e-04
-1.688922755420207977e-03
-5.694326013326644897e-03
-3.163046203553676605e-03
3.642729949206113815e-03
3.325346391648054123e-03
1.489495113492012024e-02
5.485383421182632446e-02
8.491764217615127563e-02
2.328761108219623566e-02
6.726735830307006836e-02
6.566445529460906982e-02
3.467401489615440369e-02
4.903876781463623047e-02
3.448654711246490479e-02
2.462893351912498474e-02
1.862669363617897034e-02
1.764199696481227875e-02
9.131225757300853729e-03
1.605727151036262512e-02
1.497202552855014801e-02
6.485464051365852356e-03
1.829503104090690613e-03
5.602180957794189453e-03
1.101099047809839249e-02
-1.202942803502082825e-03
5.057459697127342224e-03
6.786227226257324219e-03
3.228113055229187012e-04
-7.761664688587188721e-03
-5.542822182178497314e-04
-9.951289743185043335e-03
-7.185706868767738342e-03
-9.573154151439666748e-03
-1.254934258759021759e-02
8.644536137580871582e-04
-5.218818783760070801e-02
-2.811069600284099579e-02
-2.885458432137966156e-02
5.547434091567993164e-03
1.169837266206741333e-02
1.315919775515794754e-02
1.920063793659210205e-02
2.179123088717460632e-02
2.937822043895721436e-02
2.237209118902683258e-02
3.579862043261528015e-02
2.436390519142150879e-02
3.525578603148460388e-02
2.373066917061805725e-02
2.399492636322975159e-02
3.204011544585227966e-02
3.231442347168922424e-02
3.044653683900833130e-02
2.418118342757225037e-02
2.061253972351551056e-02
2.994515933096408844e-02
3.307548165321350098e-02
3.272099047899246216e-02
3.404165059328079224e-02
3.304573148488998413e-02
2.912988699972629547e-02
3.093821555376052856e-02
7.250599563121795654e-02
8.128926157951354980e-02
5.515281111001968384e-02
6.692573428153991699e-02
4.766777902841567993e-02
6.906136125326156616e-02
1.017861813306808472e-01
7.450936734676361084e-02
7.007914036512374878e-02
1.059397757053375244e-01
1.128390133380889893e-01
7.324147224426269531e-02
7.684715092182159424e-02
5.863609164953231812e-02
5.192232504487037659e-02
4.232304543256759644e-02
2.879665978252887726e-02
2.362135425209999084e-02
5.279093235731124878e-02
4.667236655950546265e-02
3.906170651316642761e-02
3.346014767885208130e-02
3.819255530834197998e-02
1.806754618883132935e-02
3.694866597652435303e-02
2.636494860053062439e-02
2.293500490486621857e-02
2.753090299665927887e-02
-1.898020505905151367e-03
-5.358140915632247925e-03
8.519692346453666687e-03
2.075406536459922791e-02
-1.038101874291896820e-02
-1.003990322351455688e-02
-1.471202634274959564e-02
-6.255628541111946106e-03
-1.747805438935756683e-02
-2.666084095835685730e-02
-1.736582629382610321e-02
-1.221074350178241730e-02
1.143268309533596039e-02
1.669328846037387848e-02
1.612481847405433655e-02
2.680432051420211792e-03
1.009456813335418701e-02
2.702828496694564819e-03
2.316130325198173523e-03
-9.439727291464805603e-03
9.886993095278739929e-03
8.392168208956718445e-03
5.775671452283859253e-03
2.342578396201133728e-02
1.252460479736328125e-02
1.766279339790344238e-02
1.530975569039583206e-02
7.807282730937004089e-03
1.685550808906555176e-02
1.414771750569343567e-02
2.406758628785610199e-02
1.488005556166172028e-02
-6.281627342104911804e-03
-3.427222371101379395e-03
-1.825174316763877869e-03
8.399652317166328430e-03
3.236135467886924744e-03
-1.841201633214950562e-02
-2.135212160646915436e-02
1.710083335638046265e-02
-3.145835176110267639e-02
-2.123421058058738708e-03
-1.903681643307209015e-02
-4.558525979518890381e-04
-6.581827998161315918e-03
-4.606252536177635193e-03
1.159256417304277420e-02
1.649862900376319885e-02
5.595454946160316467e-03
2.883255109190940857e-02
1.087166741490364075e-02
1.487458869814872742e-02
2.015244029462337494e-02
9.561367332935333252e-04
1.642888411879539490e-02
1.274429075419902802e-02
4.522688686847686768e-03
-5.464123561978340149e-03
2.016440033912658691e-03
9.126851335167884827e-03
-8.982270956039428711e-04
-1.159105449914932251e-04
1.185942161828279495e-02
-4.961352795362472534e-03
-8.807647973299026489e-03
-1.293735392391681671e-02
-1.813496835529804230e-02
1.134842634201049805e-03
1.697115600109100342e-02
-4.571080207824707031e-04
5.465435795485973358e-03
-2.800691872835159302e-03
-2.424448728561401367e-03
1.176876947283744812e-03
3.099000081419944763e-03
5.416304804384708405e-03
1.287838630378246307e-02
1.346589252352714539e-02
1.050032302737236023e-02
2.123869583010673523e-02
1.601682603359222412e-02
1.620150171220302582e-02
1.273128483444452286e-02
6.364788860082626343e-03
5.799558013677597046e-03
9.146641939878463745e-03
9.844079613685607910e-03
5.228282883763313293e-03
3.655930049717426300e-03
1.254547201097011566e-02
1.624058932065963745e-03
5.360245704650878906e-03
9.694095700979232788e-03
8.563145995140075684e-03
9.939039126038551331e-03
1.746220514178276062e-03
5.148863419890403748e-04
6.943413056433200836e-03
2.256620675325393677e-03
1.345380209386348724e-03
7.584347389638423920e-03
7.520091719925403595e-03
5.413884297013282776e-03
1.316797733306884766e-02
5.882099270820617676e-03
7.571629248559474945e-03
5.650345236063003540e-03
5.951760336756706238e-03
-2.907672896981239319e-04
9.784771129488945007e-03
9.172521531581878662e-03
9.756311774253845215e-03
1.356780622154474258e-02
1.289660297334194183e-02
1.476630102843046188e-02
1.958686485886573792e-02
1.754042878746986389e-02
1.566764339804649353e-02
2.202305197715759277e-02
1.478169672191143036e-02
1.492057368159294128e-02
1.419512182474136353e-02
1.498219743371009827e-02
9.366201236844062805e-03
9.657457470893859863e-03
1.539485622197389603e-02
8.691264316439628601e-03
1.816736161708831787e-02
3.479056991636753082e-03
7.757020182907581329e-03
1.542810164391994476e-02
3.905644640326499939e-03
3.959054127335548401e-03
4.989150911569595337e-04
1.283328235149383545e-02
3.308269195258617401e-03
3.126847557723522186e-03
1.357048377394676208e-02
-7.713407278060913086e-03
7.517781108617782593e-03
7.278317585587501526e-03
1.381651125848293304e-02
1.595289446413516998e-02
3.707652539014816284e-02
6.896390020847320557e-02
9.649196267127990723e-02
1.318595409393310547e-01
2.006732225418090820e-01
1.665761172771453857e-01
1.434838920831680298e-01
1.067848652601242065e-01
7.955252379179000854e-02
3.202380239963531494e-02
2.013396099209785461e-02
9.645879268646240234e-03
-7.847044616937637329e-05
-5.324887111783027649e-03
5.214280448853969574e-03
-7.102568633854389191e-03
-6.518298760056495667e-03
-1.400515437126159668e-03
1.181187387555837631e-02
-6.335163488984107971e-04
1.409900374710559845e-03
-5.653928965330123901e-04
4.459062591195106506e-03
7.139319088310003281e-03
4.987997934222221375e-03
7.400658912956714630e-03
1.126033160835504532e-02
4.549665376543998718e-03
7.736170198768377304e-03
4.146303981542587280e-04
1.027987338602542877e-03
5.268911365419626236e-03
-1.457696780562400818e-03
-2.910202369093894958e-03
5.853040143847465515e-03
-6.831577979028224945e-03
-5.579877644777297974e-03
-4.556765779852867126e-03
-8.983485400676727295e-03
-5.991812795400619507e-03
7.765511050820350647e-03
3.674935549497604370e-03
4.492579028010368347e-04
4.076425917446613312e-03
1.807489432394504547e-03
9.921332821249961853e-04
6.782348267734050751e-03
6.219237111508846283e-03
9.531706571578979492e-03
7.230081595480442047e-03
9.828718379139900208e-03
9.026726707816123962e-03
1.013659313321113586e-02
1.177432108670473099e-02
1.373577862977981567e-02
1.479461416602134705e-02
2.171523496508598328e-02
1.608638279139995575e-02
2.819509059190750122e-02
2.612374722957611084e-02
3.636092692613601685e-02
2.461469918489456177e-02
3.687870502471923828e-02
4.411856085062026978e-02
4.257335513830184937e-02
3.184578567743301392e-02
5.255954340100288391e-02
5.938756465911865234e-02
7.799825817346572876e-02
3.866866976022720337e-02
8.083204925060272217e-02
8.423644304275512695e-02
1.045544967055320740e-01
4.785390198230743408e-02
7.412202656269073486e-02
8.854047954082489014e-02
3.632158413529396057e-02
5.331531167030334473e-02
5.056314542889595032e-02
4.954220354557037354e-02
5.240071564912796021e-02
4.888101667165756226e-02
5.048349499702453613e-02
3.421815112233161926e-02
3.394298255443572998e-02
2.947567589581012726e-02
2.311467565596103668e-02
1.945312321186065674e-02
1.761864498257637024e-02
1.941331475973129272e-02
1.545672677457332611e-02
1.607039943337440491e-03
1.125195436179637909e-02
3.888411447405815125e-03
3.400743007659912109e-03
-8.942132815718650818e-03
-1.752700656652450562e-02
-2.385164611041545868e-02
-1.729116030037403107e-02
-3.006961196660995483e-04
-2.622106298804283142e-02
-3.844236582517623901e-02
-4.315079003572463989e-02
-2.858408167958259583e-02
-2.109648287296295166e-02
1.858188584446907043e-02
1.261694356799125671e-03
6.276290863752365112e-03
1.355126127600669861e-02
1.512620598077774048e-02
1.837165281176567078e-02
1.845058053731918335e-02
1.894621364772319794e-02
2.395630814135074615e-02
2.592500299215316772e-02
2.081223577260971069e-02
1.736668311059474945e-02
2.065218426287174225e-02
1.556186284869909286e-02
1.741883344948291779e-02
1.665706001222133636e-02
1.484134141355752945e-02
1.188115496188402176e-02
2.141021937131881714e-02
7.263973355293273926e-03
1.355625968426465988e-02
2.143099717795848846e-02
1.392148248851299286e-02
9.262057021260261536e-03
7.458706386387348175e-03
7.372924126684665680e-03
6.365739740431308746e-03
8.767774328589439392e-03
8.660688064992427826e-03
5.861790850758552551e-03
1.309626922011375427e-02
-2.911299467086791992e-03
-7.424138486385345459e-03
-1.384869962930679321e-02
-1.333454065024852753e-02
-5.222948268055915833e-03
-5.977361463010311127e-03
-1.200381852686405182e-02
5.451580509543418884e-04
-1.219533011317253113e-02
-1.816644333302974701e-02
-7.156230509281158447e-03
-7.998803630471229553e-03
-6.429050117731094360e-03
-1.083686202764511108e-02
-1.383197214454412460e-02
7.405015639960765839e-04
-1.555781997740268707e-02
-1.670685037970542908e-02
-9.838523343205451965e-03
-9.676419198513031006e-03
-1.924321800470352173e-02
-1.715886965394020081e-02
-2.633702009916305542e-02
-1.319506205618381500e-02
-1.325156725943088531e-02
-1.505782455205917358e-02
-1.480060443282127380e-02
-8.852697908878326416e-03
-5.723161157220602036e-03
-1.116253156214952469e-02
-8.210378699004650116e-03
-2.710749395191669464e-03
-1.217636652290821075e-02
-5.156494677066802979e-03
-1.040621381253004074e-02
-1.421236433088779449e-02
-1.350284647196531296e-02
-1.306373067200183868e-02
-6.225932855159044266e-03
-5.343877710402011871e-03
1.776078715920448303e-04
-1.126639358699321747e-02
-7.783612236380577087e-03
2.180050825700163841e-03
-2.134233713150024414e-03
1.158789731562137604e-03
-3.761931788176298141e-03
-3.963058814406394958e-03
-3.715432249009609222e-03
-1.827268861234188080e-04
-2.111458685249090195e-03
-2.073143608868122101e-03
3.114696592092514038e-04
2.243182156234979630e-03
2.028180053457617760e-03
-1.477806363254785538e-03
1.177353085950016975e-03
-4.049499984830617905e-04
5.440462380647659302e-03
6.993836723268032074e-03
9.681522846221923828e-03
2.851852681487798691e-03
8.802885189652442932e-03
1.058765500783920288e-02
8.868945762515068054e-03
6.958692334592342377e-03
4.206850659102201462e-03
6.420480553060770035e-03
4.668815061450004578e-03
1.115018269047141075e-03
4.320494830608367920e-03
2.730061532929539680e-03
1.134510617703199387e-03
-2.001819200813770294e-03
2.261530607938766479e-05
-1.210816204547882080e-03
-1.341515686362981796e-03
-2.317377831786870956e-03
-1.631777733564376831e-03
-1.077458076179027557e-02
-9.006190113723278046e-03
-5.038617644459009171e-03
-4.431979730725288391e-03
-6.158990785479545593e-03
-1.413417793810367584e-02
-8.202336728572845459e-03
-1.076385378837585449e-02
-1.655967906117439270e-03
-9.798439219594001770e-03
-2.498409245163202286e-03
-4.633885808289051056e-03
3.680379595607519150e-03
3.795035555958747864e-02
9.256114810705184937e-02
7.218382507562637329e-02
1.092437058687210083e-01
2.388918027281761169e-02
9.867638349533081055e-02
